timestamp,open,high,low,close,volume,turnover
1782169200000,77.96,77.99,77.82,77.87,101.47,7900.5093
1782172800000,77.87,77.9,77.7,77.88,175.22,13636.2581
1782176400000,77.88,77.93,77.46,77.59,352.57,27395.7656
1782180000000,77.59,77.96,77.45,77.6,137.52,10685.687
1782183600000,77.6,77.6,77.26,77.31,331.05,25626.2047
1782187200000,77.31,77.44,77.27,77.42,82.52,6382.7497
1782190800000,77.42,77.43,76.74,76.77,521.58,40187.5235
1782194400000,76.77,76.83,76.28,76.64,1391.06,106604.0244
1782198000000,76.64,76.87,76.25,76.83,289.43,22170.5285
1782201600000,76.83,77.48,76.83,77.16,393.92,30416.834
1782205200000,77.16,77.34,76.88,77.26,229.6,17707.9892
1782208800000,77.26,77.66,77.08,77.57,261.44,20240.3172
1782212400000,77.57,77.74,77.16,77.44,1014.69,78610.2462
1782216000000,77.44,77.48,76.95,77.3,417.54,32198.2857
1782219600000,77.3,77.39,76.64,76.76,389.92,30035.5058
1782223200000,76.76,77.16,76.38,76.89,372.86,28581.8626
1782226800000,76.89,77.2,76.46,76.74,418.11,32115.7865
1782230400000,76.74,76.99,76.61,76.72,166.67,12799.5664
1782234000000,76.72,77.01,76.72,76.76,168.15,12933.1554
1782237600000,76.76,77.14,76.76,77.04,192.01,14783.5139
1782241200000,77.04,77.07,76.91,76.95,113.2,8714.7878
1782244800000,76.95,77.12,76.71,76.71,70.55,5425.685
1782248400000,76.71,76.86,76.71,76.86,604.4,46419.1326
1782252000000,76.86,76.87,76.56,76.59,132.73,10176.2624
1782255600000,76.59,76.61,76.4,76.45,120.59,9226.8223
1782259200000,76.45,76.64,76.41,76.53,87.6,6703.4239
1782262800000,76.53,76.69,76.11,76.37,215.71,16476.5679
1782266400000,76.37,76.54,75.92,75.92,185.46,14139.4201
1782270000000,75.92,76.22,75.82,76.19,387.96,29486.0117
1782273600000,76.19,76.44,76.19,76.33,86.6,6610.7702
1782277200000,76.33,76.45,76.15,76.17,114.04,8708.5643
1782280800000,76.17,76.84,76.17,76.33,222.69,17009.889
1782284400000,76.33,76.33,75.68,75.68,371.27,28197.6055
1782288000000,75.68,75.81,75.46,75.78,319.9,24199.2868
1782291600000,75.78,75.81,75.31,75.81,545.87,41252.5459
1782295200000,75.81,75.96,75.48,75.48,210.35,15921.6156
1782298800000,75.48,75.59,74.71,74.71,599.69,45168.9465
1782302400000,74.71,74.84,74.55,74.66,1033.54,77219.2187
1782306000000,74.66,74.67,73.51,73.56,1829.05,135402.5198
1782309600000,73.56,74.1,73.42,73.64,282.56,20842.8441
1782313200000,73.64,74.25,73.5,74.18,910.77,67245.0055
1782316800000,74.18,74.57,73.99,74.26,735.79,54726.4338
1782320400000,74.26,74.32,73.79,74.08,470.84,34873.2813
1782324000000,74.08,74.13,73.5,73.5,260.84,19271.2694
1782327600000,73.5,73.67,73.48,73.62,330.99,24352.948
1782331200000,73.62,73.62,73.41,73.51,183.44,13484.7434
1782334800000,73.51,73.74,73.51,73.57,439.34,32344.5843
1782338400000,73.57,73.58,73.36,73.5,149.64,10994.3719
1782342000000,73.5,73.6,73.5,73.6,30.14,2216.5238
1782345600000,73.6,73.78,73.56,73.57,34.85,2568.3392
1782349200000,73.57,73.66,72.8,72.96,235.06,17185.2662
1782352800000,72.96,73.13,72.72,73.0,30.31,2208.4716
1782356400000,73.0,73.0,72.68,72.94,157.32,11456.6003
1782360000000,72.94,73.13,72.94,73.12,60.5,4419.8691
1782363600000,73.12,73.16,72.86,73.0,222.57,16233.0259
1782367200000,73.0,73.34,72.88,73.13,72.14,5272.9447
1782370800000,73.13,73.55,72.96,73.4,257.49,18865.4869
1782374400000,73.4,73.52,72.65,72.8,513.9,37609.6801
1782378000000,72.8,73.19,72.54,73.08,57.85,4221.8468
1782381600000,73.08,73.2,73.04,73.04,82.03,5999.4919
1782385200000,73.04,73.62,72.92,73.48,504.84,37118.8217
1782388800000,73.48,73.65,73.12,73.28,1004.74,73694.4945
1782392400000,73.28,74.09,73.24,74.03,752.17,55439.5898
1782396000000,74.03,74.65,74.03,74.34,387.04,28738.1134
1782399600000,74.34,75.24,74.32,75.02,359.95,26949.115
1782403200000,75.02,75.22,74.99,75.12,77.68,5835.5837
1782406800000,75.12,75.32,74.93,75.31,74.21,5577.8766
1782410400000,75.31,75.82,75.31,75.82,371.82,28126.5828
1782414000000,75.82,76.15,75.59,75.68,237.57,18053.6907
1782417600000,75.68,75.84,75.0,75.08,178.84,13458.958
1782421200000,75.08,75.31,74.95,75.19,2370.57,177847.6001
1782424800000,75.19,75.27,75.02,75.27,221.37,16640.4305
1782428400000,75.27,75.29,75.19,75.29,65.44,4923.3622
1782432000000,75.29,75.51,75.14,75.46,346.72,26119.2125
1782435600000,75.46,75.52,74.89,74.93,149.58,11228.0584
1782439200000,74.93,74.93,74.48,74.48,90.24,6746.6361
1782442800000,74.48,74.48,74.19,74.35,265.18,19696.9686
1782446400000,74.35,74.41,74.19,74.21,82.07,6095.0858
1782450000000,74.21,74.69,74.14,74.61,32.78,2438.3081
1782453600000,74.61,74.63,74.12,74.27,215.39,15994.0201
1782457200000,74.27,74.27,73.53,73.53,787.59,58159.199
1782460800000,73.53,73.86,72.61,72.94,282.5,20656.8204
1782464400000,72.94,73.12,72.72,72.77,627.51,45823.3599
1782468000000,72.77,73.17,72.65,73.17,721.21,52618.971
1782471600000,73.17,73.82,73.11,73.64,2019.97,148500.4425
1782475200000,73.64,73.64,72.85,72.89,3080.56,225355.0151
1782478800000,72.89,74.03,72.73,72.94,998.55,73203.1201
1782482400000,72.94,73.01,72.31,72.72,1536.64,111582.1489
1782486000000,72.72,73.0,72.01,72.53,3667.8,265851.0185
1782489600000,72.53,72.8,72.44,72.76,323.36,23479.2144
1782493200000,72.76,72.95,72.55,72.73,167.96,12218.7656
1782496800000,72.73,72.83,72.49,72.52,264.45,19228.4197
1782500400000,72.52,73.02,72.48,72.93,591.75,42971.5534
1782504000000,72.93,73.8,72.84,73.69,1216.01,89333.7631
1782507600000,73.69,74.12,73.67,73.73,1609.93,118984.7691
1782511200000,73.73,73.87,73.24,73.54,183.34,13490.7139
1782514800000,73.54,73.9,73.54,73.87,111.22,8197.0802
1782518400000,73.87,74.11,73.7,73.95,347.12,25664.965
1782522000000,73.95,73.97,73.5,73.5,115.69,8540.514
1782525600000,73.5,73.53,72.85,73.49,373.21,27336.2063
1782529200000,73.49,73.76,73.48,73.76,132.82,9775.57
1782532800000,73.76,73.8,73.46,73.47,156.45,11505.1736
1782536400000,73.47,73.59,73.4,73.48,139.3,10235.9377
1782540000000,73.48,73.62,73.28,73.6,470.27,34506.8555
1782543600000,73.6,73.91,73.6,73.82,921.69,68003.346
1782547200000,73.82,73.95,73.75,73.81,149.64,11046.7355
1782550800000,73.81,73.98,73.76,73.89,49.04,3623.6498
1782554400000,73.89,74.0,73.87,73.95,77.03,5697.066
1782558000000,73.95,74.15,73.93,74.13,143.83,10647.9925
1782561600000,74.13,74.44,74.13,74.17,93.25,6932.3304
1782565200000,74.17,74.45,74.16,74.39,647.6,48104.0899
1782568800000,74.39,74.49,74.12,74.2,99.47,7393.2282
1782572400000,74.2,74.22,73.75,73.93,135.58,10035.5553
1782576000000,73.93,74.36,73.93,74.23,179.02,13278.8705
1782579600000,74.23,74.31,74.01,74.06,109.99,8153.0794
1782583200000,74.06,74.19,73.85,74.01,137.03,10140.3115
1782586800000,74.01,74.13,73.96,74.11,75.76,5607.7687
1782590400000,74.11,74.35,74.11,74.12,92.3,6855.3313
1782594000000,74.12,74.68,73.84,74.58,210.79,15662.2755
1782597600000,74.58,74.94,74.45,74.5,417.22,31177.7281
1782601200000,74.5,75.14,74.29,74.85,651.99,48796.2408
1782604800000,74.85,75.55,74.85,75.53,203.68,15310.8152
1782608400000,75.53,75.99,75.46,75.84,334.21,25310.1133
1782612000000,75.84,75.98,75.52,75.68,122.84,9313.0072
1782615600000,75.68,75.72,73.77,74.87,1899.3,141689.0726
1782619200000,74.87,74.91,74.21,74.8,473.2,35319.8083
1782622800000,74.8,75.0,74.61,74.63,358.52,26842.0583
1782626400000,74.63,75.15,74.63,75.14,396.01,29663.1598
1782630000000,75.14,75.27,74.97,74.97,493.57,37072.2647
1782633600000,74.97,75.02,74.4,74.71,685.9,51179.2363
1782637200000,74.71,74.79,74.57,74.73,128.95,9628.5617
1782640800000,74.73,74.73,74.58,74.7,96.48,7202.096
1782644400000,74.7,74.97,74.66,74.94,153.35,11484.7964
1782648000000,74.94,75.04,74.84,74.84,239.76,17969.4812
1782651600000,74.84,75.02,74.79,74.92,931.08,69715.9146
1782655200000,74.92,75.23,74.88,75.16,290.55,21819.016
1782658800000,75.16,75.19,74.96,75.12,157.15,11795.7702
1782662400000,75.12,75.73,75.08,75.62,541.54,40814.7802
1782666000000,75.62,75.62,74.84,74.92,201.66,15168.4546
1782669600000,74.92,75.19,74.76,75.19,407.12,30502.4257
1782673200000,75.19,75.39,74.89,75.18,291.58,21922.8087
1782676800000,75.18,75.45,73.73,73.99,1682.31,124779.7808
1782680400000,73.99,74.25,73.53,74.08,1532.55,113292.0689
1782684000000,74.08,74.08,73.17,73.36,1575.49,115770.0103
1782687600000,73.36,73.42,73.02,73.1,95.32,6980.1812
1782691200000,73.1,73.43,72.7,73.27,252.79,18452.1957
1782694800000,73.27,73.64,73.13,73.32,111.83,8217.014
1782698400000,73.32,73.47,73.13,73.36,133.8,9803.8653
1782702000000,73.36,73.46,73.28,73.46,70.01,5137.8316
1782705600000,73.46,73.46,73.32,73.32,52.94,3885.6798
1782709200000,73.32,73.34,72.84,72.86,115.62,8445.8865
1782712800000,72.86,73.62,72.86,73.31,450.23,32906.3268
1782716400000,73.31,73.33,72.87,72.88,445.74,32505.5372
1782720000000,72.88,73.58,72.86,73.44,485.92,35668.2396
1782723600000,73.44,74.01,73.24,73.91,232.21,17087.1068
1782727200000,73.91,73.91,73.18,73.22,404.76,29670.3897
1782730800000,73.22,73.33,72.95,73.28,1341.08,98103.8323
1782734400000,73.28,73.52,73.08,73.44,438.84,32140.6355
1782738000000,73.44,73.64,73.28,73.48,351.34,25813.0069
1782741600000,73.48,73.9,73.4,73.82,364.13,26823.9803
1782745200000,73.82,74.03,73.65,73.95,100.78,7444.2076
1782748800000,73.95,74.32,73.93,74.12,371.72,27513.6826
1782752400000,74.12,74.38,74.02,74.15,208.87,15499.4411
1782756000000,74.15,74.27,73.81,73.83,109.38,8107.4501
1782759600000,73.83,73.9,73.73,73.9,42.02,3100.4046
1782763200000,73.9,73.92,73.8,73.8,19.48,1438.4255
1782766800000,73.8,73.88,73.69,73.73,540.67,39875.9438
1782770400000,73.73,73.79,73.62,73.64,123.64,9112.3235
1782774000000,73.64,73.65,73.49,73.51,237.46,17453.9797
1782777600000,73.51,73.78,73.51,73.64,148.73,10954.1922
1782781200000,73.64,73.81,73.52,73.74,230.65,16980.4946
1782784800000,73.74,74.19,73.71,74.0,61.77,4562.6801
1782788400000,74.0,74.08,73.72,73.73,75.09,5554.0743
1782792000000,73.73,73.84,73.62,73.63,111.57,8219.3549
1782795600000,73.63,73.73,73.39,73.47,63.71,4685.2353
1782799200000,73.47,73.64,73.22,73.55,355.88,26135.7037
1782802800000,73.55,73.75,73.55,73.57,133.98,9874.0195
1782806400000,73.57,74.19,73.54,73.8,226.46,16710.5602
1782810000000,73.8,74.36,73.8,74.36,65.58,4863.8837
1782813600000,74.36,74.45,73.91,74.1,133.73,9904.6355
1782817200000,74.1,74.57,73.96,74.48,238.0,17642.377
1782820800000,74.48,74.91,74.28,74.33,555.21,41402.8724
1782824400000,74.33,74.92,74.16,74.37,618.4,45995.4255
1782828000000,74.37,74.44,73.97,74.08,1079.29,80097.1003
1782831600000,74.08,74.08,73.48,73.51,893.7,65884.3423
1782835200000,73.51,73.83,73.44,73.47,426.81,31408.6635
1782838800000,73.47,73.52,73.19,73.31,359.26,26361.3062
1782842400000,73.31,73.53,72.82,73.49,320.37,23429.1516
1782846000000,73.49,73.6,73.42,73.55,422.54,31057.6523
1782849600000,73.55,73.61,73.47,73.52,135.9,9993.5306
1782853200000,73.52,73.71,73.48,73.69,333.02,24505.974
1782856800000,73.69,73.69,73.37,73.43,63.94,4697.6108
1782860400000,73.43,73.54,73.41,73.52,94.0,6906.6193
1782864000000,73.52,73.59,73.46,73.59,319.89,23529.1714
1782867600000,73.59,73.6,73.2,73.28,153.28,11250.3472
1782871200000,73.28,73.39,73.2,73.29,54.16,3969.5024
1782874800000,73.29,73.41,73.29,73.39,23.2,1702.0857
1782878400000,73.39,73.39,73.26,73.27,33.7,2470.5744
1782882000000,73.27,73.4,73.18,73.18,18.96,1390.1375
1782885600000,73.18,73.24,73.05,73.16,48.53,3549.2875
1782889200000,73.16,73.31,72.88,73.03,234.14,17110.6281
1782892800000,73.03,73.08,71.88,71.88,1151.0,83161.74
1782896400000,71.88,72.33,71.81,72.3,681.59,49079.8516
1782900000000,72.3,72.5,72.24,72.35,372.22,26950.8402
1782903600000,72.35,72.54,72.3,72.49,520.16,37692.8358
1782907200000,72.49,72.49,71.92,72.02,383.28,27650.43
1782910800000,72.02,72.45,71.94,72.28,831.99,60031.9579
1782914400000,72.28,72.32,71.4,71.4,341.64,24555.2715
1782918000000,71.4,71.77,71.3,71.33,1232.79,88174.1743
1782921600000,71.33,71.58,71.22,71.49,266.89,19057.1262
1782925200000,71.49,71.52,71.35,71.5,102.63,7329.8476
1782928800000,71.5,71.85,71.44,71.52,165.84,11880.3508
1782932400000,71.52,71.53,71.16,71.22,800.91,57139.048
1782936000000,71.22,71.36,71.21,71.29,88.78,6329.503
1782939600000,71.29,71.52,71.28,71.33,498.81,35609.3362
1782943200000,71.33,71.38,71.22,71.24,296.63,21144.5764
1782946800000,71.24,71.31,71.21,71.25,580.65,41389.7143
1782950400000,71.25,71.32,70.96,71.12,364.35,25897.5698
1782954000000,71.12,71.12,70.82,71.0,161.74,11473.024
1782957600000,71.0,71.2,70.9,70.92,82.75,5878.7436
1782961200000,70.92,70.96,70.79,70.86,186.66,13232.1199
1782964800000,70.86,71.03,70.86,71.03,18.55,1316.4193
1782968400000,71.03,71.04,70.85,71.01,302.49,21477.1143
1782972000000,71.01,71.17,70.72,70.73,200.51,14219.6086
1782975600000,70.73,71.33,70.58,70.99,350.27,24855.0058
1782979200000,70.99,71.32,70.94,70.94,114.27,8122.9534
1782982800000,70.94,70.97,70.33,70.62,860.83,60745.974
1782986400000,70.62,70.86,70.6,70.67,210.88,14927.1764
1782990000000,70.67,70.83,70.29,70.45,172.35,12142.8726
1782993600000,70.45,70.79,70.37,70.78,263.56,18609.0575
1782997200000,70.78,71.3,70.67,71.05,460.25,32646.3929
1783000800000,71.05,71.08,70.84,70.98,82.89,5881.254
1783004400000,70.98,71.02,70.6,70.88,195.86,13860.4631
1783008000000,70.88,71.45,70.88,71.3,896.53,63892.7286
1783011600000,71.3,71.67,71.27,71.65,791.14,56529.5368
1783015200000,71.65,72.0,71.55,71.67,234.88,16860.5075
1783018800000,71.67,71.77,71.65,71.74,74.22,5322.7092
1783022400000,71.74,71.77,71.68,71.69,96.42,6914.0303
1783026000000,71.69,71.75,71.69,71.73,18.28,1311.1314
1783029600000,71.73,71.76,71.66,71.72,51.13,3667.2267
1783033200000,71.72,71.72,71.65,71.65,39.33,2819.0554
1783036800000,71.65,71.74,71.61,71.72,59.57,4269.0044
1783040400000,71.72,72.21,71.63,72.2,120.01,8629.3201
1783044000000,72.2,72.4,72.18,72.2,115.21,8329.4617
1783047600000,72.2,72.45,72.2,72.35,153.78,11127.4569
1783051200000,72.35,72.39,72.3,72.3,40.42,2924.5845
1783054800000,72.3,72.53,72.3,72.53,86.46,6255.615
1783058400000,72.53,72.56,72.24,72.29,101.43,7334.7612
1783062000000,72.29,72.3,71.79,71.83,248.4,17876.4101
1783065600000,71.83,72.15,71.5,72.12,1287.53,92587.9596
1783069200000,72.12,72.21,71.9,72.02,170.09,12249.3107
1783072800000,72.02,72.06,71.81,71.99,64.6,4650.4647
1783076400000,71.99,72.07,71.75,71.77,112.58,8088.6854
1783080000000,71.77,71.77,71.45,71.59,181.06,12962.8826
1783083600000,71.59,72.13,71.59,72.13,111.93,8057.0953
1783087200000,72.13,72.31,72.0,72.0,82.07,5919.223
1783090800000,72.0,72.16,71.75,72.16,519.87,37478.9764
1783094400000,72.16,72.2,72.02,72.19,317.9,22933.3622
1783098000000,72.19,72.25,72.1,72.14,196.7,14192.4501
1783101600000,72.14,72.21,72.13,72.2,65.08,4695.7024
1783105200000,72.2,72.27,72.2,72.24,21.56,1557.3945
1783108800000,72.24,72.24,71.89,71.9,55.34,3988.7697
1783112400000,71.9,72.18,71.9,72.18,161.31,11620.7798
1783116000000,72.18,72.21,72.08,72.09,198.22,14301.9674
1783119600000,72.09,72.11,71.97,72.09,65.17,4696.1551
1783123200000,72.09,72.17,72.09,72.17,13.71,989.0234
1783126800000,72.17,72.2,71.98,71.98,9.92,715.0419
1783130400000,71.98,72.04,71.98,71.99,28.01,2016.6942
1783134000000,71.99,72.0,71.94,71.99,22.3,1605.046
1783137600000,71.99,71.99,71.81,71.86,30.22,2172.4918
1783141200000,71.86,71.87,71.82,71.87,13.79,990.673
1783144800000,71.87,71.93,71.87,71.88,49.36,3549.8856
1783148400000,71.88,72.0,71.86,71.98,22.95,1651.8195
1783152000000,71.98,72.02,71.98,71.98,33.7,2426.6695
1783155600000,71.98,72.28,71.97,72.28,147.51,10644.741
1783159200000,72.28,72.39,72.25,72.35,68.7,4969.7574
1783162800000,72.35,72.54,72.33,72.48,63.66,4612.2312
1783166400000,72.48,72.49,72.36,72.46,7.18,520.3198
1783170000000,72.46,72.46,72.23,72.24,122.73,8872.1513
1783173600000,72.24,72.4,72.19,72.4,17.91,1293.9423
1783177200000,72.4,72.4,72.23,72.3,82.15,5935.7966
1783180800000,72.3,72.42,72.22,72.22,44.87,3246.2479
1783184400000,72.22,72.28,72.19,72.28,64.03,4626.3812
1783188000000,72.28,72.29,72.16,72.16,6.28,453.4065
1783191600000,72.16,72.16,71.99,72.12,99.93,7202.8525
1783195200000,72.12,72.18,72.09,72.09,273.21,19716.3061
1783198800000,72.09,72.11,71.98,71.98,27.1,1952.7752
1783202400000,71.98,72.3,71.98,72.23,74.61,5391.1034
1783206000000,72.23,72.27,72.11,72.11,26.0,1876.7666
1783209600000,72.11,72.11,72.07,72.1,15.09,1087.723
1783213200000,72.1,72.15,72.08,72.11,12.7,915.7904
1783216800000,72.11,72.29,72.11,72.29,54.71,3947.4007
1783220400000,72.29,72.29,72.19,72.19,6.27,452.9495
1783224000000,72.19,72.27,72.19,72.27,13.57,980.3727
1783227600000,72.27,72.27,72.23,72.26,20.58,1487.1391
1783231200000,72.26,72.3,72.23,72.3,3.43,247.9089
1783234800000,72.3,72.36,72.26,72.35,55.94,4044.7644
1783238400000,72.35,72.37,72.31,72.34,49.49,3580.1463
1783242000000,72.34,72.37,72.28,72.28,10.21,738.4078
1783245600000,72.28,72.32,72.28,72.32,2.76,199.6024
1783249200000,72.32,72.4,72.26,72.29,841.96,60937.6676
1783252800000,72.29,72.29,72.12,72.12,8.84,638.0942
1783256400000,72.12,72.25,72.12,72.23,21.27,1535.9259
1783260000000,72.23,72.28,72.2,72.23,25.48,1840.7934
1783263600000,72.23,72.24,72.12,72.13,11.82,852.978
1783267200000,72.13,72.16,72.09,72.16,8.8,634.6285
1783270800000,72.16,72.24,72.11,72.15,100.12,7227.2098
1783274400000,72.15,72.17,71.94,72.01,12.59,907.6941
1783278000000,72.01,72.07,72.0,72.0,8.13,585.7292
1783281600000,72.0,72.02,71.92,71.93,50.33,3620.7678
1783285200000,71.93,72.11,71.89,72.08,34.32,2471.7485
1783288800000,72.08,72.08,71.73,71.73,254.9,18312.2422
1783292400000,71.73,71.84,71.67,71.68,101.5,7285.4156
1783296000000,71.68,71.96,71.63,71.68,121.26,8700.8122
1783299600000,71.68,72.23,71.6,72.22,136.66,9839.4461
1783303200000,72.22,72.47,71.91,71.93,230.74,16676.8123
1783306800000,71.93,71.93,71.76,71.83,345.36,24814.6453
1783310400000,71.83,72.0,71.78,71.99,42.86,3081.004
1783314000000,71.99,72.18,71.99,72.18,16.92,1219.5753
1783317600000,72.18,72.49,72.1,72.16,32.17,2326.801
1783321200000,72.16,72.16,71.16,71.19,1362.0,97563.4553
1783324800000,71.19,72.02,71.19,71.67,478.91,34298.0447
1783328400000,71.67,72.0,71.61,71.73,614.14,44086.5244
1783332000000,71.73,72.14,71.61,72.09,189.53,13605.9858
1783335600000,72.09,72.19,71.86,72.13,538.25,38791.5478
1783339200000,72.13,72.21,71.71,71.85,235.77,16963.7707
1783342800000,71.85,72.42,71.67,72.24,137.08,9875.0321
1783346400000,72.24,72.66,72.01,72.3,2351.14,170176.2892
1783350000000,72.3,72.46,72.11,72.24,1559.7,112764.2849
1783353600000,72.24,72.31,71.86,71.89,112.36,8094.8764
1783357200000,71.89,72.08,71.79,71.96,107.92,7752.806
1783360800000,71.96,72.13,71.96,72.09,22.44,1617.2552
1783364400000,72.09,72.26,72.09,72.24,27.68,1998.9815
1783368000000,72.24,72.24,72.11,72.11,18.68,1348.1237
1783371600000,72.11,72.22,72.11,72.22,15.24,1099.6728
1783375200000,72.22,72.24,72.18,72.22,8.61,621.602
1783378800000,72.22,72.36,72.16,72.27,50.19,3628.5866
1783382400000,72.27,72.46,72.26,72.44,29.9,2164.5282
1783386000000,72.44,72.64,72.2,72.61,57.81,4186.993
1783389600000,72.61,72.84,72.51,72.54,1138.73,82597.7737
1783393200000,72.54,72.78,72.48,72.57,120.8,8768.8991
1783396800000,72.57,72.6,72.52,72.56,39.17,2842.1101
1783400400000,72.56,72.94,72.56,72.94,36.23,2639.1071
1783404000000,72.94,73.06,72.78,73.02,111.55,8142.4012
1783407600000,73.02,73.19,72.92,72.92,53.87,3934.8178
1783411200000,72.92,73.13,72.6,72.95,101.51,7399.7615
1783414800000,72.95,73.33,72.79,73.0,1752.17,127736.3084
1783418400000,73.0,73.04,72.77,73.04,110.94,8088.7374
1783422000000,73.04,73.08,72.62,72.67,3159.76,230583.313
1783425600000,72.67,72.91,72.54,72.69,223.99,16276.7138
1783429200000,72.69,73.66,72.69,73.65,795.63,58291.5992
1783432800000,73.65,74.16,73.5,73.86,1864.69,137516.2461
1783436400000,73.86,74.2,73.74,74.03,3272.48,242167.4677
1783440000000,74.03,74.28,74.0,74.18,161.34,11967.7397
1783443600000,74.18,74.43,74.08,74.16,344.77,25602.6441
1783447200000,74.16,75.12,74.06,75.12,1788.43,133781.2088
1783450800000,75.12,76.39,75.12,75.72,2348.37,178456.1971
1783454400000,75.72,76.09,75.68,75.94,1293.93,98334.1948
1783458000000,75.94,76.57,75.87,76.05,3275.89,250274.283
1783461600000,76.05,76.48,75.97,76.29,793.28,60462.7175
1783465200000,76.29,76.33,76.14,76.22,582.88,44437.4489
1783468800000,76.22,76.44,75.71,75.77,459.81,35016.1712
1783472400000,75.77,75.9,75.51,75.88,740.25,56057.9321
1783476000000,75.88,76.37,75.8,76.09,909.51,69292.0877
1783479600000,76.09,76.21,76.05,76.07,217.37,16548.6917
1783483200000,76.07,76.25,76.07,76.17,187.29,14263.7381
1783486800000,76.17,76.77,76.17,76.71,514.43,39365.7051
1783490400000,76.71,76.82,76.5,76.57,510.65,39110.4062
1783494000000,76.57,76.79,75.73,75.95,1353.06,102852.4011
1783497600000,75.95,78.81,75.92,78.74,3101.61,241186.5115
1783501200000,78.74,79.22,78.42,78.74,6384.11,503281.583
1783504800000,78.74,78.77,77.8,78.16,1643.29,128461.4809
1783508400000,78.16,78.59,77.44,78.1,2062.92,160744.2773
1783512000000,78.1,78.33,77.16,77.93,1346.9,104489.7395
1783515600000,77.93,78.4,77.51,77.96,3255.87,253487.2026
1783519200000,77.96,79.85,77.94,79.6,1681.45,133252.6368
1783522800000,79.6,80.5,79.45,80.19,2230.93,178307.823
1783526400000,80.19,80.3,78.68,78.81,2574.94,204607.6349
1783530000000,78.81,78.85,78.02,78.2,1731.25,135709.7472
1783533600000,78.2,78.23,77.76,77.95,1125.63,87815.6455
1783537200000,77.95,78.69,77.89,78.51,1078.65,84411.1255
1783540800000,78.51,79.35,78.51,79.08,2537.77,200482.2092
1783544400000,79.08,79.22,78.75,78.9,215.14,17009.1189
1783548000000,78.9,79.35,78.52,78.8,940.12,74016.7339
1783551600000,78.8,78.85,78.65,78.7,1347.93,106180.3543
1783555200000,78.7,78.84,78.45,78.45,619.95,48798.4759
1783558800000,78.45,79.02,78.3,78.51,256.01,20108.0569
1783562400000,78.51,79.04,78.38,78.91,205.91,16197.4836
1783566000000,78.91,78.95,78.56,78.73,111.31,8767.5891
1783569600000,78.73,78.82,78.67,78.8,246.07,19375.9552
1783573200000,78.8,78.94,77.36,77.44,3602.76,282346.9149
1783576800000,77.44,77.9,77.42,77.63,1194.14,92712.9493
1783580400000,77.63,78.0,76.8,77.0,4674.31,362361.4579
1783584000000,77.0,77.31,76.64,77.31,777.59,59837.9311
1783587600000,77.31,77.94,77.24,77.89,625.59,48536.921
1783591200000,77.89,79.06,77.81,78.72,694.48,54393.5667
1783594800000,78.72,78.73,78.33,78.44,952.62,74799.9151
1783598400000,78.44,78.6,78.14,78.49,295.29,23150.4368
1783602000000,78.49,78.49,77.22,77.23,869.69,67562.5996
1783605600000,77.23,77.5,76.73,76.77,1683.41,129846.8478
1783609200000,76.77,76.95,76.27,76.48,776.36,59513.3685
1783612800000,76.48,76.58,75.8,76.05,799.67,60904.5033
1783616400000,76.05,76.29,75.59,75.62,620.01,46995.9076
1783620000000,75.62,76.47,75.59,75.81,551.42,41862.9231
1783623600000,75.81,76.1,75.69,76.05,366.63,27853.1999
1783627200000,76.05,76.11,75.84,76.03,217.84,16551.5283
1783630800000,76.03,76.26,76.03,76.2,224.89,17128.1693
1783634400000,76.2,76.2,75.55,76.02,654.26,49651.6325
1783638000000,76.02,76.17,75.98,76.17,367.9,27999.6184
1783641600000,76.17,76.2,75.92,76.16,545.1,41443.2171
1783645200000,76.16,76.36,75.91,76.35,189.67,14459.9493
1783648800000,76.35,76.57,76.25,76.52,333.63,25478.8457
1783652400000,76.52,76.61,76.35,76.61,104.18,7964.551
1783656000000,76.61,76.75,76.35,76.39,624.47,47831.7959
1783659600000,76.39,76.55,76.2,76.37,657.31,50178.4079
1783663200000,76.37,76.4,75.9,76.21,437.58,33291.2302
1783666800000,76.21,76.21,75.38,75.74,1413.77,107068.4291
1783670400000,75.74,76.34,75.37,76.09,1362.29,103322.9695
1783674000000,76.09,76.26,75.74,76.0,1058.58,80432.753
1783677600000,76.0,76.48,76.0,76.48,229.23,17490.4404
1783681200000,76.48,77.01,76.42,76.94,275.18,21122.3983
1783684800000,76.94,77.01,75.8,76.29,1018.84,77749.6405
1783688400000,76.29,76.62,75.87,75.9,878.97,67059.8239
1783692000000,75.9,77.44,75.84,76.34,3818.09,292183.2326
1783695600000,76.34,76.35,75.25,75.5,2118.15,160468.598
1783699200000,75.5,75.93,75.5,75.57,662.54,50127.8264
1783702800000,75.57,75.91,75.57,75.87,132.41,10035.5359
1783706400000,75.87,76.14,75.73,76.13,653.21,49594.7958
1783710000000,76.13,76.2,75.98,76.07,527.45,40143.8174
1783713600000,76.07,76.08,75.98,76.02,461.57,35091.5499
1783717200000,76.02,76.08,75.66,75.9,457.17,34686.0789
1783720800000,75.9,75.9,75.81,75.85,113.65,8620.8817
1783724400000,75.85,75.99,75.84,75.96,410.49,31173.2231
1783728000000,75.96,76.16,75.92,76.09,360.59,27431.3472
1783731600000,76.09,76.13,75.89,76.0,159.4,12116.8287
1783735200000,76.0,76.08,75.94,75.97,93.83,7131.5963
1783738800000,75.97,76.36,75.94,76.06,478.24,36377.2916
1783742400000,76.06,76.27,75.98,76.11,495.29,37711.0902
1783746000000,76.11,76.11,75.79,75.84,117.36,8900.7202
1783749600000,75.84,75.95,75.82,75.87,157.79,11972.2996
1783753200000,75.87,75.92,75.83,75.89,98.46,7471.6727
1783756800000,75.89,76.02,75.89,76.0,63.42,4817.4848
1783760400000,76.0,76.1,75.96,76.04,114.58,8713.1712
1783764000000,76.04,76.23,76.01,76.2,153.32,11666.0342
1783767600000,76.2,76.24,76.12,76.21,188.0,14319.8335
1783771200000,76.21,76.33,76.2,76.33,210.94,16087.2943
1783774800000,76.33,76.36,76.17,76.2,456.36,34790.9607
1783778400000,76.2,76.2,75.98,76.18,391.4,29775.3899
1783782000000,76.18,76.2,75.93,76.06,177.81,13526.6994
1783785600000,76.06,76.06,75.92,75.94,72.74,5526.9721
1783789200000,75.94,76.34,75.94,76.19,242.85,18507.8804
1783792800000,76.19,76.34,76.11,76.31,124.23,9466.8871
1783796400000,76.31,76.31,76.1,76.18,207.09,15771.7438
1783800000000,76.18,76.31,76.13,76.31,372.46,28377.2318
1783803600000,76.31,76.32,76.16,76.29,121.55,9265.6211
1783807200000,76.29,78.39,76.26,77.17,2982.11,231037.25
1783810800000,77.17,78.07,76.98,77.86,5097.43,395890.339
1783814400000,77.86,78.69,77.84,78.68,4073.75,319401.2972
1783818000000,78.68,78.68,77.73,78.14,1214.94,94937.0884
1783821600000,78.14,78.48,77.48,77.88,3429.52,267557.8976
1783825200000,77.88,78.08,77.51,77.87,6694.13,520228.1417
1783828800000,77.87,78.15,77.75,78.08,526.58,41061.7399
1783832400000,78.08,78.28,77.9,77.97,430.84,33610.6423
1783836000000,77.97,78.04,77.64,78.02,811.85,63181.1365
1783839600000,78.02,78.47,77.89,78.46,1193.41,93427.8804
1783843200000,78.46,78.63,78.21,78.4,2314.22,181403.8284
1783846800000,78.4,78.75,78.4,78.72,975.63,76737.6259
1783850400000,78.72,78.88,78.53,78.83,586.55,46165.2617
1783854000000,78.83,78.83,78.41,78.57,1221.68,96004.7468
1783857600000,78.57,78.57,77.92,78.29,2070.89,161919.3847
1783861200000,78.29,78.47,78.25,78.35,475.2,37231.7302
1783864800000,78.35,78.44,78.17,78.31,191.9,15024.2072
1783868400000,78.31,78.43,78.16,78.38,550.06,43054.0291
1783872000000,78.38,78.64,78.3,78.51,872.6,68405.0597
1783875600000,78.51,79.09,78.51,78.93,1835.37,144706.847
1783879200000,78.93,79.08,78.13,78.6,2070.33,162841.9749
1783882800000,78.6,78.87,78.4,78.81,1007.5,79145.9248
1783886400000,78.81,79.06,78.77,78.94,970.85,76593.9308
1783890000000,78.94,79.18,78.6,78.72,1516.29,119688.1397
1783893600000,78.72,79.03,77.97,78.38,3135.02,245539.5975
1783897200000,78.38,78.52,78.32,78.42,409.53,32105.6669
1783900800000,78.42,79.06,78.39,78.88,1119.96,88261.7949
1783904400000,78.88,79.23,78.77,79.05,1542.19,121936.7705
1783908000000,79.05,79.16,78.7,78.8,256.27,20232.8982
1783911600000,78.8,79.01,78.74,78.93,471.66,37222.9232
1783915200000,78.93,79.13,78.91,79.12,379.48,29990.333
1783918800000,79.12,79.6,79.09,79.25,936.91,74289.9039
1783922400000,79.25,79.25,78.56,78.65,1343.31,105954.6421
1783926000000,78.65,78.85,78.32,78.66,485.5,38176.7038
1783929600000,78.66,78.66,77.43,77.69,1243.35,96967.2246
1783933200000,77.69,77.81,77.24,77.75,2055.44,159255.5734
1783936800000,77.75,78.42,77.69,78.32,2023.67,158100.7203
1783940400000,78.32,78.6,78.13,78.48,2237.64,175553.3803
1783944000000,78.48,79.15,78.27,78.57,2527.86,199457.0299
1783947600000,78.57,78.72,78.1,78.38,1633.6,128078.4919
1783951200000,78.38,79.76,78.19,79.14,5534.07,438252.1741
1783954800000,79.14,79.59,79.06,79.53,214.28,16989.5641
1783958400000,79.53,80.56,79.44,80.39,1270.03,101831.3543
1783962000000,80.39,82.22,80.07,82.21,4337.61,352216.4994
1783965600000,82.21,83.0,82.05,82.3,12832.59,1060066.939
1783969200000,82.3,82.72,82.16,82.44,3032.95,249871.5467
1783972800000,82.44,83.41,82.44,82.65,1687.44,140048.6381
1783976400000,82.65,82.8,82.4,82.55,2113.27,174515.057
1783980000000,82.55,83.7,82.41,83.67,1584.07,131275.6107
1783983600000,83.67,84.09,83.23,83.51,1966.34,164361.4578
1783987200000,83.51,84.88,83.06,84.33,6364.07,533904.1706
1783990800000,84.33,84.36,83.25,83.62,869.8,72774.6575
1783994400000,83.62,83.68,82.98,83.62,337.52,28127.1493
1783998000000,83.62,84.13,83.57,83.76,508.49,42643.3658
1784001600000,83.76,83.99,83.57,83.81,375.58,31449.8874
1784005200000,83.81,83.96,82.94,83.44,1351.55,112730.4485
1784008800000,83.44,84.44,83.39,84.32,4074.5,343049.9806
1784012400000,84.32,84.97,83.95,84.5,6881.87,581825.6576
1784016000000,84.5,85.53,84.35,85.48,1486.45,126381.2511
1784019600000,85.48,85.64,84.61,85.18,1151.49,98003.9417
1784023200000,85.18,85.54,84.75,85.33,1437.2,122530.89
1784026800000,85.33,85.45,84.18,84.26,6007.23,508514.239
1784030400000,84.26,85.25,84.26,84.97,4639.36,393012.4399
1784034000000,84.97,85.19,83.62,83.86,2300.76,193805.0066
1784037600000,83.86,84.0,82.47,83.06,5386.88,448307.043
1784041200000,83.06,83.99,82.18,83.65,6051.59,502408.7483
1784044800000,83.65,83.79,83.1,83.34,1967.22,164178.5022
1784048400000,83.34,83.45,82.92,83.16,747.43,62162.7099
1784052000000,83.16,83.82,83.05,83.73,794.85,66422.9175
1784055600000,83.73,84.04,83.67,83.84,1574.32,131967.6063
1784059200000,83.84,84.32,83.84,83.94,1294.09,108733.4692
1784062800000,83.94,83.94,83.62,83.73,1547.63,129531.2687
1784066400000,83.73,84.21,83.7,84.03,1658.52,139332.1849
1784070000000,84.03,84.04,83.75,83.81,1009.96,84683.5978
1784073600000,83.81,84.72,83.64,84.43,3065.19,258263.0481
1784077200000,84.43,84.43,83.8,84.27,834.57,70123.0517
1784080800000,84.27,84.56,84.14,84.41,303.59,25620.2143
1784084400000,84.41,84.44,84.03,84.09,249.08,20979.3178
1784088000000,84.09,84.22,83.82,83.95,1450.91,121725.1768
1784091600000,83.95,84.14,83.58,83.79,837.33,70123.8126
1784095200000,83.79,84.08,83.58,84.04,539.93,45231.6922
1784098800000,84.04,84.56,84.04,84.47,837.31,70618.7548
1784102400000,84.47,84.79,83.3,83.34,3118.83,261871.3883
1784106000000,83.34,84.03,83.15,84.02,2013.16,167892.0173
1784109600000,84.02,84.31,83.89,83.93,380.89,32029.0438
1784113200000,83.93,84.05,83.45,83.62,363.26,30446.6985
1784116800000,83.62,83.89,83.55,83.65,451.69,37833.3989
1784120400000,83.65,84.18,83.26,83.58,1646.61,137858.9099
1784124000000,83.58,83.67,82.45,82.51,2259.82,187379.9953
1784127600000,82.51,82.98,82.29,82.91,1432.83,118510.6324
1784131200000,82.91,83.63,82.91,83.52,1457.98,121289.5803
1784134800000,83.52,83.52,82.87,83.09,688.46,57288.249
1784138400000,83.09,83.8,83.04,83.74,918.85,76861.6804
1784142000000,83.74,84.59,83.55,84.29,3025.36,254122.5358
1784145600000,84.29,84.46,84.16,84.21,1224.57,103247.5786
1784149200000,84.21,84.32,83.83,83.95,4508.16,378551.8354
1784152800000,83.95,84.28,83.75,84.08,1227.06,103079.5
1784156400000,84.08,84.11,83.87,83.92,204.46,17176.0256
1784160000000,83.92,84.05,83.75,83.94,2955.07,247965.0921
1784163600000,83.94,84.14,83.81,83.88,443.88,37279.0886
1784167200000,83.88,84.05,83.84,83.88,256.43,21521.8947
1784170800000,83.88,83.91,83.17,83.43,499.67,41746.199
1784174400000,83.43,83.49,83.18,83.26,338.48,28179.5564
1784178000000,83.26,83.35,83.06,83.27,164.38,13676.5814
1784181600000,83.27,83.6,83.21,83.3,431.2,35960.1274
1784185200000,83.3,83.73,83.1,83.36,2356.9,196918.2968
1784188800000,83.36,83.42,83.11,83.12,473.3,39411.4402
1784192400000,83.12,83.46,82.71,83.36,862.66,71600.6224
1784196000000,83.36,83.51,83.27,83.48,186.81,15585.3495
1784199600000,83.48,84.18,83.21,83.53,1648.03,138014.1889
1784203200000,83.53,84.55,83.53,84.43,1132.34,95425.3255
1784206800000,84.43,84.78,83.91,84.11,840.58,70877.8819
1784210400000,84.11,84.32,83.57,83.76,496.88,41689.6738
1784214000000,83.76,83.88,83.35,83.55,185.82,15531.6272
1784217600000,83.55,84.39,83.07,83.27,4984.3,417396.0617
1784221200000,83.27,83.43,82.93,82.99,1096.43,91191.9987
1784224800000,82.99,83.25,82.8,83.09,305.57,25372.089
1784228400000,83.09,83.29,83.09,83.15,585.66,48725.9973
1784232000000,83.15,83.8,83.03,83.72,1695.18,141313.1507
1784235600000,83.72,83.89,83.53,83.75,529.52,44320.7983
1784239200000,83.75,83.91,83.64,83.65,388.2,32501.8381
1784242800000,83.65,83.67,83.54,83.66,865.36,72354.0588
1784246400000,83.66,83.86,83.52,83.84,1475.47,123551.3893
1784250000000,83.84,84.27,83.77,83.86,810.33,68110.3102
1784253600000,83.86,83.95,83.48,83.73,858.94,71979.3138
1784257200000,83.73,83.82,83.58,83.82,393.11,32881.0152
1784260800000,83.82,83.98,83.78,83.87,412.95,34633.3592
1784264400000,83.87,83.89,82.8,83.09,1094.28,90919.3425
1784268000000,83.09,83.39,82.56,83.16,4837.56,402231.1822
1784271600000,83.16,83.66,83.15,83.32,2304.74,192094.3588
1784275200000,83.32,83.78,83.08,83.76,6218.63,517956.9625
1784278800000,83.76,84.43,83.76,84.27,4426.89,372364.8922
1784282400000,84.27,84.54,84.07,84.42,2318.89,195615.6949
1784286000000,84.42,84.68,84.4,84.66,650.62,54987.7487
1784289600000,84.66,85.0,84.59,84.96,1132.13,95977.5284
1784293200000,84.96,85.54,84.92,85.54,1126.13,96048.2609
1784296800000,85.54,85.67,84.96,84.99,1744.55,148957.654
1784300400000,84.99,85.47,84.61,85.32,2550.71,216808.0029
1784304000000,85.32,86.19,85.28,86.12,6572.34,564770.5404
1784307600000,86.12,86.52,85.96,86.42,351.23,30298.2595
1784311200000,86.42,86.64,86.04,86.12,2579.94,222402.8887
1784314800000,86.12,86.23,85.76,86.08,3797.75,326786.1349
1784318400000,86.08,86.45,86.01,86.39,1372.43,118421.1678
1784322000000,86.39,86.85,86.39,86.6,1202.8,104189.7865
1784325600000,86.6,87.1,86.46,87.06,1656.63,143806.88
1784329200000,87.06,87.1,86.69,86.87,4446.9,386868.728
1784332800000,86.87,87.03,86.41,86.68,1728.41,149775.4053
1784336400000,86.68,86.81,86.56,86.81,244.6,21193.358
1784340000000,86.81,86.94,86.63,86.78,622.93,54045.2095
1784343600000,86.78,86.84,86.47,86.56,446.28,38711.5754
1784347200000,86.56,86.56,86.26,86.33,430.08,37150.9233
1784350800000,86.33,86.37,86.26,86.29,483.17,41713.0679
1784354400000,86.29,86.53,86.17,86.53,175.12,15117.6366
1784358000000,86.53,86.88,86.53,86.73,445.12,38611.1095
1784361600000,86.73,86.97,86.67,86.96,834.34,72476.6964
1784365200000,86.96,87.06,86.89,87.03,591.45,51457.352
1784368800000,87.03,87.67,87.03,87.39,1555.33,135986.7125
1784372400000,87.39,87.58,87.33,87.44,1104.51,96557.829
1784376000000,87.44,87.52,87.26,87.49,972.66,85027.5099
1784379600000,87.49,87.49,87.3,87.41,291.74,25497.867
1784383200000,87.41,87.41,87.18,87.23,3363.8,293546.4421
1784386800000,87.23,87.46,87.17,87.34,422.28,36899.4892
1784390400000,87.34,87.51,87.33,87.47,280.08,24494.2718
1784394000000,87.47,88.08,87.47,87.93,579.17,50867.0801
1784397600000,87.93,89.47,87.93,88.88,2680.65,238195.341
1784401200000,88.88,88.94,87.82,88.26,1559.71,137972.6031
1784404800000,88.26,88.77,88.25,88.39,415.51,36739.8689
1784408400000,88.39,88.68,87.87,88.5,910.53,80448.6243
1784412000000,88.5,88.83,88.49,88.75,2889.3,256035.0086
1784415600000,88.75,88.93,88.4,88.5,1204.45,106671.683
1784419200000,88.5,88.72,88.42,88.57,134.53,11915.3228
1784422800000,88.57,88.62,88.21,88.31,594.14,52466.2278
1784426400000,88.31,88.5,88.06,88.26,386.24,34094.7474
1784430000000,88.26,88.64,88.24,88.43,830.05,73413.1593
1784433600000,88.43,88.61,88.36,88.56,573.46,50744.3118
1784437200000,88.56,88.61,88.37,88.46,290.38,25705.9053
1784440800000,88.46,88.75,88.23,88.75,428.31,37883.9488
1784444400000,88.75,88.83,88.08,88.44,571.03,50457.4958
1784448000000,88.44,88.55,88.41,88.52,143.24,12673.8089
1784451600000,88.52,88.62,88.4,88.45,339.04,30009.6041
1784455200000,88.45,88.53,88.33,88.51,344.37,30457.8129
1784458800000,88.51,88.51,88.11,88.37,530.81,46876.5231
1784462400000,88.37,88.51,88.27,88.5,202.24,17884.4666
1784466000000,88.5,88.5,88.28,88.32,141.97,12543.4946
1784469600000,88.32,88.47,88.3,88.43,106.92,9449.7786
1784473200000,88.43,88.58,88.43,88.51,263.55,23325.8011
1784476800000,88.51,88.53,88.21,88.25,645.37,57072.538
1784480400000,88.25,88.38,88.16,88.34,515.8,45515.7482
1784484000000,88.34,88.44,87.93,88.27,1302.13,114713.6438
1784487600000,88.27,88.33,87.96,88.0,372.56,32840.753
1784491200000,88.0,88.26,88.0,88.26,410.64,36194.0736
1784494800000,88.26,88.26,87.79,87.82,822.69,72488.4208
1784498400000,87.82,89.15,87.36,88.71,6804.48,601036.0681
1784502000000,88.71,88.73,88.38,88.5,1488.65,131852.0992
1784505600000,88.5,88.51,88.14,88.19,938.86,82890.6633
1784509200000,88.19,88.45,87.93,88.29,1379.18,121678.8357
1784512800000,88.29,88.43,87.93,87.93,965.4,85117.2714
1784516400000,87.93,88.23,87.92,88.22,494.46,43556.8809
1784520000000,88.22,88.34,88.09,88.16,1000.53,88311.2279
1784523600000,88.16,88.49,88.1,88.46,451.84,39887.2717
1784527200000,88.46,88.82,88.32,88.51,2234.65,197969.1963
1784530800000,88.51,88.71,86.65,86.86,5009.38,437686.7837
1784534400000,86.86,86.86,86.04,86.27,5006.3,433172.6783
1784538000000,86.27,86.51,85.78,86.01,1605.0,138139.2185
1784541600000,86.01,86.62,86.01,86.42,1051.38,90742.9455
1784545200000,86.42,86.51,84.38,85.03,5536.0,471951.3702
1784548800000,85.03,86.81,85.03,86.65,3297.68,284759.8197
1784552400000,86.65,86.69,85.78,86.26,937.89,80758.3593
1784556000000,86.26,86.68,85.96,86.56,1226.07,105769.1694
1784559600000,86.56,86.59,85.72,86.1,8207.16,706909.4483
1784563200000,86.1,87.1,85.86,86.66,2849.0,246380.5246
1784566800000,86.66,87.11,86.47,87.0,1312.11,113988.052
1784570400000,87.0,87.74,86.8,87.47,1357.49,118612.8048
1784574000000,87.47,87.52,86.81,87.06,1769.23,154153.3676
1784577600000,87.06,87.14,86.97,87.12,1853.09,161315.639
1784581200000,87.12,87.14,86.91,87.05,1184.38,103091.0546
1784584800000,87.05,87.27,87.04,87.22,1633.86,142445.9374
1784588400000,87.22,87.33,87.11,87.11,807.53,70445.3417
1784592000000,87.11,87.23,87.0,87.2,940.33,81906.1723
1784595600000,87.2,87.21,86.45,86.98,893.24,77523.7975
1784599200000,86.98,87.04,86.71,86.72,122.93,10686.3226
1784602800000,86.72,86.95,86.71,86.78,131.89,11452.1499
1784606400000,86.78,86.82,86.57,86.75,892.24,77325.6656
1784610000000,86.75,86.99,86.39,86.64,217.59,18858.9227
1784613600000,86.64,86.87,86.51,86.83,938.04,81305.7031
1784617200000,86.83,87.54,86.59,86.59,1408.4,122334.0998
1784620800000,86.59,87.21,86.2,87.0,2078.47,179988.63
1784624400000,87.0,88.05,86.83,87.97,2173.06,190423.8716
1784628000000,87.97,88.09,86.99,87.85,1786.72,156604.0918
1784631600000,87.85,88.48,87.85,88.39,1638.51,144570.895
1784635200000,88.39,88.72,87.88,88.49,13979.99,1233423.2027
1784638800000,88.49,89.0,88.46,88.72,5000.94,443733.4545
1784642400000,88.72,89.23,88.35,88.86,1384.7,122973.3133
1784646000000,88.86,88.94,88.04,88.77,2370.5,210001.5529
1784649600000,88.77,88.86,88.41,88.7,1433.21,126969.2671
1784653200000,88.7,88.8,88.42,88.7,572.82,50782.8159
1784656800000,88.7,88.82,88.34,88.73,362.94,32141.4211
1784660400000,88.73,89.0,88.69,88.93,569.55,50659.2496
1784664000000,88.93,88.97,88.65,88.84,5840.35,518766.9415
1784667600000,88.84,88.96,88.75,88.94,511.13,45435.1877
1784671200000,88.94,89.07,88.91,89.03,299.49,26653.4519
1784674800000,89.03,89.2,88.99,89.1,238.14,21215.3793
1784678400000,89.1,89.1,88.78,88.9,635.6,56523.3232
1784682000000,88.9,89.88,88.82,89.68,958.74,85890.1571
1784685600000,89.68,89.72,89.01,89.16,546.59,48796.5259
1784689200000,89.16,89.4,89.13,89.4,98.03,8752.6884
1784692800000,89.4,89.49,89.3,89.45,371.99,33248.7135
1784696400000,89.45,89.55,89.08,89.2,608.43,54299.4064
1784700000000,89.2,90.2,89.09,89.99,1756.43,157895.8735
1784703600000,89.99,91.31,89.98,91.09,5361.79,487767.9718
1784707200000,91.09,91.09,90.41,90.67,4715.61,427458.5888
1784710800000,90.67,90.96,90.28,90.89,2053.69,186048.1568
1784714400000,90.89,90.89,90.04,90.38,2411.9,217718.269
1784718000000,90.38,90.97,90.33,90.65,1223.51,110829.4336
1784721600000,90.65,91.03,90.0,90.55,1907.94,172852.3214
1784725200000,90.55,90.65,89.67,90.31,1139.91,102575.5035
1784728800000,90.31,90.66,90.05,90.19,674.09,60903.3926
1784732400000,90.19,90.57,89.46,89.6,647.52,58307.6578
1784736000000,89.6,90.06,89.55,89.9,212.74,19112.3891
1784739600000,89.9,90.39,89.9,90.28,1459.85,131682.9748
1784743200000,90.28,90.48,90.18,90.46,476.01,43006.6316
1784746800000,90.46,90.5,90.09,90.09,1628.34,147238.3191
1784750400000,90.09,90.27,89.91,90.09,3257.98,293555.5675
1784754000000,90.09,90.95,90.07,90.94,4882.88,442185.8693
1784757600000,90.94,91.74,90.74,91.25,4610.0,421295.4022
1784761200000,91.25,91.39,91.06,91.12,625.34,57062.6937
1784764800000,91.12,91.61,90.79,91.29,1215.3,110876.42
1784768400000,91.29,91.93,91.16,91.41,681.35,62306.4754
1784772000000,91.41,91.72,91.34,91.54,271.08,24800.1078
1784775600000,91.54,91.9,91.53,91.66,401.0,36771.2024
1784779200000,91.66,91.75,91.35,91.53,4914.45,450101.4265
1784782800000,91.53,91.78,91.16,91.69,1354.61,123874.0123
1784786400000,91.69,92.1,91.44,92.01,1595.72,146497.7197
1784790000000,92.01,92.83,91.98,92.53,5481.69,506678.471
1784793600000,92.53,92.91,92.16,92.63,2097.46,194137.9756
1784797200000,92.63,93.28,92.36,93.0,1520.2,141142.7342
1784800800000,93.0,93.25,92.66,92.8,691.8,64343.2856
1784804400000,92.8,93.48,92.79,93.11,5832.54,543994.3693
1784808000000,93.11,93.94,93.01,93.63,4515.82,422816.2256
1784811600000,93.63,94.48,93.36,94.42,7476.78,700938.259
1784815200000,94.42,94.66,93.91,94.4,8152.16,769200.1426
1784818800000,94.4,94.78,94.2,94.23,2253.13,212847.9428
1784822400000,94.23,94.62,94.0,94.45,19574.81,1845509.5079
1784826000000,94.45,95.3,94.44,95.29,1922.91,182333.6692
1784829600000,95.29,95.46,94.26,94.29,7315.39,691073.2326
1784833200000,94.29,94.29,93.42,93.85,2123.24,199473.5242
1784836800000,93.85,94.32,93.74,94.32,980.55,92208.1844
1784840400000,94.32,94.94,94.2,94.91,5327.47,502784.582
1784844000000,94.91,94.91,94.17,94.26,1792.56,169308.5615
1784847600000,94.26,94.5,94.1,94.31,822.54,77513.1976
1784851200000,94.31,94.68,94.02,94.02,1226.61,115696.9712
1784854800000,94.02,94.02,93.38,93.84,2496.94,233905.6988
1784858400000,93.84,94.08,93.83,94.02,877.78,82506.5176
1784862000000,94.02,94.43,93.94,94.05,1539.52,144944.497
1784865600000,94.05,94.11,93.82,93.87,563.57,52963.3491
1784869200000,93.87,94.02,93.48,93.68,355.35,33349.7109
1784872800000,93.68,93.87,93.02,93.03,1862.67,173911.6411
1784876400000,93.03,93.16,92.44,92.63,1475.21,136978.0654
1784880000000,92.63,92.87,91.63,91.85,2209.62,203446.9635
1784883600000,91.85,91.86,91.18,91.58,2774.08,253806.6511
1784887200000,91.58,92.49,91.49,92.31,3041.99,280406.3026
1784890800000,92.31,92.31,91.43,91.81,666.78,61368.7773
1784894400000,91.81,92.28,91.54,91.79,851.03,78331.0393
1784898000000,91.79,92.45,91.61,92.0,529.59,48808.5567
1784901600000,92.0,92.13,91.46,91.9,763.27,70039.152
1784905200000,91.9,92.15,90.45,91.13,3433.3,312241.859
1784908800000,91.13,91.45,90.9,91.11,701.26,63921.738
1784912400000,91.11,91.51,91.0,91.45,1993.35,181969.329
1784916000000,91.45,91.87,91.19,91.86,1245.46,114164.8813
1784919600000,91.86,92.23,91.44,92.13,1685.75,155060.7407
1784923200000,92.13,92.91,92.12,92.79,6638.64,612803.0397
1784926800000,92.79,93.25,92.79,93.11,1241.17,115592.0096
1784930400000,93.11,93.11,92.61,92.62,1403.24,130204.2367
1784934000000,92.62,92.79,92.57,92.57,230.02,21315.7682
1784937600000,92.57,92.8,92.03,92.55,1115.13,103047.4668
1784941200000,92.55,92.78,92.33,92.72,421.46,39022.5587
1784944800000,92.72,92.76,91.93,92.2,921.79,84989.5055
1784948400000,92.2,92.25,91.56,91.94,2303.76,211676.4305
1784952000000,91.94,92.04,91.74,91.97,1504.76,138246.3015
1784955600000,91.97,92.08,91.94,92.05,1784.0,164176.2731
1784959200000,92.05,92.12,91.99,92.02,179.36,16509.0938
1784962800000,92.02,92.23,92.02,92.23,172.69,15914.3743
1784966400000,92.23,92.27,92.13,92.25,303.57,27984.6265
1784970000000,92.25,92.33,92.14,92.2,281.28,25945.0274
1784973600000,92.2,92.2,91.95,92.05,435.94,40160.6286
1784977200000,92.05,92.24,91.89,91.89,550.0,50608.5571
1784980800000,91.89,91.95,91.81,91.86,431.93,39676.7692
1784984400000,91.86,91.93,88.08,89.78,23535.12,2103555.3318
1784988000000,89.78,90.25,89.71,90.11,6189.2,557176.8895
1784991600000,90.11,90.27,89.81,90.15,701.78,63220.1946
1784995200000,90.15,90.34,89.94,90.04,1593.6,143722.2144
1784998800000,90.04,90.34,89.51,89.62,6785.77,608516.7764
1785002400000,89.62,91.21,89.61,90.27,5107.01,461616.2984
1785006000000,90.27,90.33,89.79,90.02,699.79,63009.0913
1785009600000,90.02,90.14,89.88,89.95,366.5,32994.2081
1785013200000,89.95,90.39,89.9,90.24,287.83,25942.877
1785016800000,90.24,90.25,89.47,89.84,7800.27,699859.4731
1785020400000,89.84,89.85,89.62,89.71,3820.13,342690.3549
1785024000000,89.71,89.78,89.51,89.59,313.73,28119.9049
1785027600000,89.59,89.85,89.56,89.84,243.25,21818.6253
1785031200000,89.84,89.94,89.67,89.68,196.34,17631.9754
1785034800000,89.68,89.76,89.52,89.53,412.21,36933.9316
1785038400000,89.53,89.57,89.17,89.27,6545.93,584426.6946
1785042000000,89.27,89.44,89.08,89.11,5515.43,492598.414
1785045600000,89.11,89.98,89.06,89.92,3397.16,303936.8246
1785049200000,89.92,89.94,88.7,89.03,3634.18,323965.8437
1785052800000,89.03,89.06,88.6,88.65,1043.52,92664.2188
1785056400000,88.65,88.78,87.52,87.73,2219.54,195608.3888
1785060000000,87.73,87.76,87.07,87.48,9334.02,815430.9678
1785063600000,87.48,87.6,87.1,87.51,5097.92,445262.8238
1785067200000,87.51,87.63,87.26,87.61,2622.83,229359.4971
1785070800000,87.61,87.92,87.52,87.73,5447.0,477977.4762
1785074400000,87.73,87.85,87.16,87.31,4311.79,376943.3822
1785078000000,87.31,87.53,87.24,87.3,3028.97,264758.3957
1785081600000,87.3,87.6,87.27,87.47,457.67,40034.1967
1785085200000,87.47,87.66,87.41,87.5,1241.69,108670.1097
1785088800000,87.5,88.1,87.48,87.9,1453.05,127779.6805
1785092400000,87.9,88.55,87.89,88.33,2887.95,255242.9536
1785096000000,88.33,88.68,88.23,88.5,539.78,47747.4471
1785099600000,88.5,89.09,87.9,88.46,1756.6,155529.2798
1785103200000,88.46,88.76,85.93,87.49,14959.64,1305618.7299
1785106800000,87.49,87.89,87.33,87.46,1803.96,157937.4385
1785110400000,87.46,87.85,86.98,87.69,2127.95,185928.0182
1785114000000,87.69,88.25,87.52,88.12,1826.52,160473.7637
1785117600000,88.12,88.57,88.02,88.38,621.85,54956.7635
1785121200000,88.38,88.38,87.94,88.07,366.1,32272.8258
1785124800000,88.07,88.07,87.34,87.66,1656.2,145286.5097
1785128400000,87.66,87.72,87.12,87.28,727.96,63606.4205
1785132000000,87.28,87.32,86.27,86.34,1859.15,161194.9706
1785135600000,86.34,87.3,86.2,87.3,2097.74,182258.1235
1785139200000,87.3,87.58,85.35,85.43,2388.83,206500.2628
1785142800000,85.43,85.8,84.71,84.87,3959.88,336779.05
1785146400000,84.87,85.82,84.87,85.78,3404.46,290756.9292
1785150000000,85.78,86.53,85.75,86.07,3317.29,285522.7811
1785153600000,86.07,87.33,86.06,87.06,2894.29,251366.6592
1785157200000,87.06,87.42,86.73,87.07,5843.89,508746.8656
1785160800000,87.07,87.09,86.47,86.54,4736.36,410545.4049
1785164400000,86.54,86.67,86.13,86.66,1880.64,162428.0998
1785168000000,86.66,86.98,85.68,86.13,2942.27,253856.4022
1785171600000,86.13,86.2,85.88,85.9,2389.58,205527.1407
1785175200000,85.9,86.21,85.43,85.55,5270.07,451670.6802
1785178800000,85.55,85.78,85.33,85.33,2255.22,192861.4118
1785182400000,85.33,85.5,85.06,85.25,1569.3,133846.3789
1785186000000,85.25,85.54,85.24,85.53,974.69,83258.3295
1785189600000,85.53,85.63,85.26,85.6,1073.78,91742.782
1785193200000,85.6,85.71,85.49,85.56,7403.03,634107.7781
1785196800000,85.56,85.63,84.97,85.53,1646.95,140443.514
1785200400000,85.53,85.64,84.93,85.08,3205.06,272896.5515
1785204000000,85.08,85.19,84.26,84.34,5711.36,483867.399
1785207600000,84.34,84.93,84.14,84.92,1311.36,110895.948
1785211200000,84.92,85.25,84.91,84.94,917.76,77997.8666
1785214800000,84.94,85.64,84.78,85.4,1159.08,98706.5672
1785218400000,85.4,85.55,83.79,83.99,2575.95,217898.0647
1785222000000,83.99,84.65,83.77,83.95,2493.04,210114.8633
1785225600000,83.95,84.03,82.93,83.31,4371.37,364887.8251
1785229200000,83.31,84.09,83.31,83.7,1396.59,116944.4667
1785232800000,83.7,84.51,83.68,84.18,2246.91,188912.634
1785236400000,84.18,84.71,83.76,84.58,2522.79,212802.1175
1785240000000,84.58,84.64,83.66,83.83,4421.83,372567.7254
1785243600000,83.83,84.32,83.68,84.13,2102.64,176768.2334
1785247200000,84.13,84.51,83.65,84.13,1591.76,133821.7038
1785250800000,84.13,84.18,81.28,81.31,12870.0,1063843.8428
1785254400000,81.31,81.71,80.75,81.47,3774.57,306368.5454
1785258000000,81.47,82.45,81.2,82.25,4519.97,369106.4333
1785261600000,82.25,82.28,81.71,82.0,1479.0,121260.4067
1785265200000,82.0,82.02,81.73,81.93,854.64,69949.0768
1785268800000,81.93,82.11,81.81,81.91,1031.2,84521.3014
1785272400000,81.91,83.22,81.91,83.22,4158.47,343772.3829
1785276000000,83.22,85.47,82.94,85.05,18950.35,1601579.9572
1785279600000,85.05,85.67,84.43,84.44,5535.61,471318.8554
1785283200000,84.44,85.08,84.16,84.92,4428.01,374206.897
1785286800000,84.92,85.69,84.88,85.35,2051.54,175147.4327
1785290400000,85.35,85.45,84.69,84.97,647.03,54989.3331
1785294000000,84.97,85.48,84.97,85.41,1114.88,94970.3331
1785297600000,85.41,85.42,84.56,84.78,1599.54,135995.2643
1785301200000,84.78,84.82,84.44,84.78,886.59,75022.2388
1785304800000,84.78,85.05,84.44,84.74,2827.14,239596.649
1785308400000,84.74,84.97,84.44,84.75,1043.51,88322.7699
1785312000000,84.75,85.03,84.38,84.7,1141.31,96655.6084
1785315600000,84.7,85.12,84.62,84.98,1224.89,103995.6961
1785319200000,84.98,86.03,84.83,85.95,2031.87,173705.7463
1785322800000,85.95,86.01,85.13,85.33,3843.92,329819.5222
1785326400000,85.33,87.27,85.29,86.89,10003.53,867516.2852
1785330000000,86.89,87.35,86.68,87.26,2188.27,190304.8278
1785333600000,87.26,87.99,86.92,87.94,1635.17,143151.4465
1785337200000,87.94,88.15,87.42,87.98,1939.86,170299.7177
1785340800000,87.98,88.22,87.49,87.86,1581.45,138873.1232
1785344400000,87.86,87.97,87.57,87.87,1235.16,108409.5258
1785348000000,87.87,88.39,87.78,87.83,1860.2,163842.6504
1785351600000,87.83,88.58,87.52,88.29,2020.06,177928.8384
1785355200000,88.29,88.55,88.03,88.14,819.52,72329.9952
1785358800000,88.14,88.55,88.0,88.11,1657.51,146391.6901
1785362400000,88.11,88.11,87.72,87.81,1779.98,156330.7054
1785366000000,87.81,88.14,87.59,87.67,1249.8,109737.803
1785369600000,87.67,88.17,86.84,88.13,2544.79,221992.664
1785373200000,88.13,88.13,87.23,87.3,812.11,70983.9886
1785376800000,87.3,87.32,86.81,87.0,1003.51,87415.9288
1785380400000,87.0,87.33,86.84,87.25,640.44,55768.2765
1785384000000,87.25,87.68,87.22,87.61,643.29,56263.0746
1785387600000,87.61,89.04,87.58,89.04,2870.38,253599.5572
1785391200000,89.04,89.49,88.82,89.19,2170.91,193707.4427
1785394800000,89.19,89.3,88.3,88.63,2409.11,213715.4273
1785398400000,88.63,88.79,87.87,88.29,1221.49,107849.2265
1785402000000,88.29,88.36,87.36,88.06,2010.49,176219.0796
1785405600000,88.06,88.21,86.92,87.36,1732.36,151904.0747
1785409200000,87.36,87.59,87.05,87.17,1467.58,128099.4445
1785412800000,87.17,87.65,87.07,87.64,662.68,57898.2218
1785416400000,87.64,87.65,86.37,86.87,1249.7,108490.7715
1785420000000,86.87,87.38,86.76,87.21,1340.62,116835.0658
1785423600000,87.21,87.73,86.66,87.08,5246.89,457558.4082
1785427200000,87.08,87.31,86.7,87.19,1312.14,114202.7479
1785430800000,87.19,87.4,86.8,87.09,758.79,66100.5488
1785434400000,87.09,87.28,86.77,86.91,1578.65,137386.7507
1785438000000,86.91,87.09,86.77,86.99,509.83,44306.7676
1785441600000,86.99,87.44,86.86,87.24,1154.32,100788.2939
1785445200000,87.24,87.28,87.03,87.08,1364.26,118858.9268
1785448800000,87.08,87.53,87.08,87.25,2199.91,192370.4617
1785452400000,87.25,87.34,87.12,87.3,284.6,24826.8289
1785456000000,87.3,87.45,86.9,86.9,2782.95,243090.7866
1785459600000,86.9,86.9,85.71,85.95,5365.17,462518.038
1785463200000,85.95,85.96,85.14,85.79,1403.04,120044.0179
1785466800000,85.79,85.99,85.67,85.8,2737.54,235250.8564
1785470400000,85.8,85.84,85.11,85.13,955.5,81697.326
1785474000000,85.13,85.44,84.63,85.1,1830.14,155475.5604
1785477600000,85.1,85.69,85.07,85.52,2236.88,191040.2909
1785481200000,85.52,86.23,85.52,85.77,2108.65,181331.4842
1785484800000,85.77,86.35,85.51,86.05,2995.55,257212.4604
1785488400000,86.05,87.43,86.05,87.36,6356.43,550711.1683
1785492000000,87.36,87.88,87.34,87.7,4829.76,422773.7438
1785495600000,87.7,88.58,87.56,88.35,9596.07,845954.6345
1785499200000,88.35,89.17,88.12,88.71,2839.23,251457.7983
1785502800000,88.71,88.95,88.3,88.58,3835.11,339909.2298
1785506400000,88.58,88.83,87.93,88.65,3286.05,290137.7239
1785510000000,88.65,88.85,87.17,87.28,6218.7,545496.7014
1785513600000,87.28,87.87,87.28,87.81,4018.21,352538.8631
1785517200000,87.81,88.28,87.73,88.0,554.92,48854.5398
1785520800000,88.0,88.49,87.83,87.95,1460.22,128775.8595
1785524400000,87.95,88.43,87.95,88.23,1451.03,128045.2732
1785528000000,88.23,90.32,87.87,90.26,6006.37,535903.9697
1785531600000,90.26,91.72,89.76,91.18,11504.06,1042284.7806
1785535200000,91.18,91.19,90.14,90.81,8874.0,804621.2071
1785538800000,90.81,91.2,90.8,90.92,1579.73,143717.6762
1785542400000,90.92,91.07,90.26,90.45,1264.26,114682.447
1785546000000,90.45,90.61,89.82,90.24,1464.03,131960.3116
1785549600000,90.24,90.34,89.78,90.29,960.06,86444.4473
1785553200000,90.29,90.53,90.21,90.51,957.12,86536.7307
1785556800000,90.51,90.51,90.01,90.26,1147.28,103451.9808
1785560400000,90.26,90.26,89.72,89.93,1314.48,118155.1946
1785564000000,89.93,90.15,89.67,89.99,4294.91,386225.4879
1785567600000,89.99,90.09,89.88,89.97,218.18,19629.367
1785571200000,89.97,90.18,89.96,90.17,795.75,71677.1249
1785574800000,90.17,90.19,89.8,89.94,353.17,31770.9487
1785578400000,89.94,90.17,89.93,90.13,4268.49,384547.6459
1785582000000,90.13,90.52,90.07,90.42,2881.76,260379.5327
1785585600000,90.42,90.51,90.28,90.4,369.36,33385.0867
1785589200000,90.4,90.48,90.11,90.22,833.12,75344.3237
1785592800000,90.22,90.27,89.79,90.13,1531.48,137941.6687
1785596400000,90.13,90.28,90.05,90.17,556.11,50126.1247
1785600000000,90.17,90.86,90.12,90.69,1717.99,155678.7898
1785603600000,90.69,90.95,90.14,90.9,1393.48,126436.7994
1785607200000,90.9,91.04,90.54,91.01,1853.33,168407.2027
1785610800000,91.01,91.5,90.85,91.26,1821.24,166063.7545
1785614400000,91.26,91.62,90.99,91.09,1670.61,152557.212
1785618000000,91.09,91.1,89.79,90.05,4375.26,394980.7654
1785621600000,90.05,90.41,89.27,90.15,2695.11,242033.5671
1785625200000,90.15,90.79,89.42,90.07,3298.39,297059.2378
1785628800000,90.07,90.11,89.48,89.6,1524.55,136901.8527
1785632400000,89.6,89.62,88.46,88.96,6169.56,548694.4878
1785636000000,88.96,89.14,85.13,85.57,25143.4,2168859.7509
1785639600000,85.57,85.57,83.22,84.55,24212.25,2037800.7582
1785643200000,84.55,84.58,82.44,84.15,22003.98,1842232.412
1785646800000,84.15,84.71,84.06,84.26,6908.56,583024.7117
1785650400000,84.26,84.49,83.78,84.25,4785.24,402936.8939
1785654000000,84.25,84.31,83.87,83.9,2724.25,228881.9541
1785657600000,83.9,84.26,83.84,84.12,3307.37,277773.2794
1785661200000,84.12,84.38,83.54,84.22,13764.59,1156308.6523
1785664800000,84.22,84.98,84.21,84.64,19121.81,1618767.9632
1785668400000,84.64,85.31,84.64,85.21,6320.08,537061.0948
1785672000000,85.21,85.24,84.23,84.56,10447.31,886738.4267
1785675600000,84.56,85.04,84.36,84.36,1887.3,159872.272
1785679200000,84.36,84.42,84.0,84.2,7654.52,644306.132
1785682800000,84.2,84.51,84.14,84.47,1521.73,128315.0707
1785686400000,84.47,84.6,83.74,84.04,7683.45,645993.7073
1785690000000,84.04,84.27,83.87,83.96,3037.23,255181.3561
1785693600000,83.96,84.13,83.8,83.92,1018.16,85460.9014
1785697200000,83.92,84.07,83.72,83.83,1222.17,102486.7553
1785700800000,83.83,84.56,83.82,84.11,1972.58,166156.7861
1785704400000,84.11,84.48,83.05,83.43,21211.97,1779546.6684
1785708000000,83.43,84.53,82.01,84.4,34395.66,2846026.3446
1785711600000,84.4,84.5,83.59,83.9,2083.61,175112.0909
1785715200000,83.9,84.16,83.6,83.95,1516.37,127160.1695
1785718800000,83.95,84.13,83.51,83.56,2411.35,202170.3658
1785722400000,83.56,83.94,83.25,83.38,831.52,69548.5596
1785726000000,83.38,83.78,83.3,83.42,6276.04,524423.9019
1785729600000,83.42,83.55,83.32,83.36,1347.01,112434.4183
1785733200000,83.36,83.67,83.14,83.52,916.08,76352.2989
1785736800000,83.52,83.52,82.68,82.86,2456.0,203876.273
1785740400000,82.86,84.26,82.86,83.66,4136.06,345304.2398
1785744000000,83.66,84.65,83.52,84.12,5363.87,451457.7021
1785747600000,84.12,84.18,83.46,83.97,9301.32,779274.2748
1785751200000,83.97,84.02,83.38,83.55,2298.18,192189.834
1785754800000,83.55,83.76,82.9,82.97,6973.57,582151.2169
1785758400000,82.97,83.27,82.86,82.95,3229.27,268115.6656
1785762000000,82.95,83.69,82.78,83.25,5333.46,444285.4026
1785765600000,83.25,83.77,83.15,83.76,2366.71,197475.2451
1785769200000,83.76,84.52,83.6,83.86,3960.38,332603.099
1785772800000,83.86,83.9,83.42,83.55,1290.11,108012.7097
1785776400000,83.55,83.96,83.48,83.7,691.95,57935.7124
1785780000000,83.7,84.13,83.09,83.88,5201.17,434705.0901
1785783600000,83.88,84.17,83.72,83.72,1677.89,140822.3301
1785787200000,83.72,83.81,83.4,83.57,8788.23,734984.4828
1785790800000,83.57,83.69,83.55,83.63,521.81,43636.3595
1785794400000,83.63,83.7,83.31,83.65,4523.21,378029.493
1785798000000,83.65,83.94,83.47,83.92,603.14,50466.708
1785801600000,83.92,84.61,83.85,84.52,4909.54,414452.0127
1785805200000,84.52,84.73,84.15,84.52,1384.35,116904.201
1785808800000,84.52,84.87,84.37,84.86,1517.25,128461.8597
1785812400000,84.86,85.05,84.65,85.03,2373.72,201435.5726
1785816000000,85.03,85.08,84.83,85.01,1640.65,139485.9565
1785819600000,85.01,85.29,84.78,84.78,12554.37,1068569.6021
1785823200000,84.78,84.98,84.45,84.45,5905.72,500580.9045
1785826800000,84.45,85.02,84.33,84.89,5493.19,465887.7922
1785830400000,84.89,86.3,84.63,86.14,4691.42,401621.3541
1785834000000,86.14,86.25,85.68,85.9,3493.91,300606.2491
1785837600000,85.9,85.97,84.26,84.62,8727.3,742023.2067
1785841200000,84.62,84.8,80.48,80.6,34264.07,2817994.4637
1785844800000,80.6,82.11,80.6,81.4,23694.25,1934383.4569
1785848400000,81.4,81.76,79.61,79.87,16780.56,1353324.6054
1785852000000,79.87,80.69,79.58,80.62,7657.24,614154.0482
1785855600000,80.62,80.77,78.81,79.27,7456.19,592599.5249
1785859200000,79.27,79.9,79.23,79.69,2375.49,188999.3489
1785862800000,79.69,79.76,79.14,79.4,3908.25,310150.8305
1785866400000,79.4,79.61,79.16,79.4,5166.63,409991.591
1785870000000,79.4,79.59,79.3,79.35,1596.88,126780.0858
1785873600000,79.35,79.43,78.73,78.78,2806.87,221577.1357
1785877200000,78.78,79.07,78.78,78.84,2498.47,197196.928
1785880800000,78.84,78.98,78.73,78.94,983.5,77534.3797
1785884400000,78.94,78.96,78.73,78.85,740.43,58362.8472
1785888000000,78.85,79.24,78.36,79.12,2206.41,173879.6333
1785891600000,79.12,79.83,79.12,79.76,933.59,74367.1207
1785895200000,79.76,79.82,78.13,78.57,3304.65,259927.4062
1785898800000,78.57,78.64,78.22,78.33,1644.43,128983.7549
1785902400000,78.33,79.01,78.29,78.88,2477.56,195206.5642
1785906000000,78.88,79.08,78.54,78.83,2736.93,215688.1121
1785909600000,78.83,79.34,78.73,78.98,3877.94,306767.5776
1785913200000,78.98,80.45,78.93,80.07,6848.86,547146.2124
1785916800000,80.07,80.55,79.84,80.35,4499.86,361046.3457
1785920400000,80.35,80.77,80.0,80.73,6430.86,517330.3286
1785924000000,80.73,80.93,80.42,80.5,6222.01,502317.6017
1785927600000,80.5,80.66,80.04,80.07,1359.58,109242.6549
1785931200000,80.07,80.71,79.82,80.65,3259.73,261345.9502
1785934800000,80.65,80.67,79.19,79.58,4490.28,358053.0989
1785938400000,79.58,79.73,78.56,79.01,6702.52,529015.8458
1785942000000,79.01,79.76,78.29,79.57,5889.22,466072.2471
1785945600000,79.57,79.83,78.97,79.03,2394.79,190511.1628
1785949200000,79.03,79.15,78.65,79.13,3033.32,239316.4211
1785952800000,79.13,79.6,79.1,79.55,1937.42,153833.6116
1785956400000,79.55,79.62,79.27,79.43,1452.16,115352.7645
1785960000000,79.43,79.43,79.13,79.39,742.54,58870.1018
1785963600000,79.39,79.68,79.36,79.48,3193.49,254243.4126
1785967200000,79.48,79.5,79.27,79.34,1364.39,108326.0509
1785970800000,79.34,79.4,79.15,79.21,607.79,48202.3608
1785974400000,79.21,79.51,79.02,79.25,691.78,54822.8564
1785978000000,79.25,80.32,79.25,80.02,3934.98,314647.2222
1785981600000,80.02,80.06,79.75,79.83,1509.09,120563.296
1785985200000,79.83,79.86,79.24,79.26,1798.58,143013.7674
1785988800000,79.26,79.28,78.97,79.13,788.17,62361.4287
1785992400000,79.13,79.28,78.92,79.24,1271.84,100650.1553
1785996000000,79.24,79.98,79.22,79.66,2706.84,215680.3474
1785999600000,79.66,79.93,79.42,79.79,3549.88,282929.1629
1786003200000,79.79,80.2,79.29,79.54,4387.69,349594.4793
1786006800000,79.54,79.81,79.4,79.47,1782.41,141890.7252
1786010400000,79.47,80.45,79.41,80.33,13467.05,1077400.1844
1786014000000,80.33,80.64,80.13,80.13,5427.66,436260.759
1786017600000,80.13,80.79,80.08,80.71,5957.12,480008.393
1786021200000,80.71,81.32,80.58,80.88,4427.67,358717.5982
1786024800000,80.88,81.38,80.68,81.15,2961.51,239816.6933
1786028400000,81.15,82.77,81.08,82.49,3468.09,284303.362
1786032000000,82.49,82.95,82.31,82.75,2561.22,211544.3024
1786035600000,82.75,82.75,82.11,82.27,2306.11,190090.5487
1786039200000,82.27,82.49,82.11,82.46,2376.26,195629.5722
1786042800000,82.46,83.39,82.46,82.88,10209.58,847148.3966
1786046400000,82.88,83.65,82.77,83.4,3045.4,253397.2313
1786050000000,83.4,83.48,83.05,83.27,1623.89,135150.0732
1786053600000,83.27,83.37,82.97,83.34,819.09,68182.5303
1786057200000,83.34,83.36,83.11,83.19,1059.75,88243.2806
1786060800000,83.19,83.68,83.12,83.15,2542.92,212016.9623
1786064400000,83.15,83.27,82.96,83.14,2582.07,214604.6121
1786068000000,83.14,83.47,83.14,83.27,2869.58,239099.0925
1786071600000,83.27,83.59,83.12,83.37,1385.48,115501.688
1786075200000,83.37,84.24,83.28,83.62,3293.76,276056.9641
1786078800000,83.62,83.72,83.42,83.46,1158.23,96821.542
1786082400000,83.46,83.5,82.89,83.26,1522.79,126743.6662
1786086000000,83.26,83.45,82.86,83.15,3007.69,250051.9447
1786089600000,83.15,83.23,82.79,82.89,4316.55,358451.7021
1786093200000,82.89,83.0,81.97,82.12,3736.36,307845.5623
1786096800000,82.12,82.14,81.61,81.72,2890.15,236659.774
1786100400000,81.72,81.99,81.53,81.68,1774.79,145029.8502
1786104000000,81.68,82.23,81.34,81.48,5542.44,453157.8256
1786107600000,81.48,82.19,81.37,82.16,12465.09,1020053.8716
1786111200000,82.16,82.85,82.02,82.84,7831.21,645279.0505
1786114800000,82.84,83.56,82.76,83.54,5079.23,422584.423
1786118400000,83.54,83.54,83.16,83.28,2777.47,231467.2195
1786122000000,83.28,83.3,82.78,83.11,4627.2,384221.4137
1786125600000,83.11,83.32,82.94,83.1,1829.51,152082.7194
1786129200000,83.1,83.1,81.61,81.82,5771.65,474832.4594
1786132800000,81.82,82.13,81.55,81.85,4971.52,407017.5415
1786136400000,81.85,82.02,81.47,81.69,2896.45,237039.0159
1786140000000,81.69,81.81,81.39,81.7,3239.0,264291.4347
1786143600000,81.7,81.99,81.53,81.74,3074.86,251449.8982
1786147200000,81.74,81.77,81.51,81.65,2871.79,234454.3925
1786150800000,81.65,81.78,81.54,81.7,1113.8,90972.1232
1786154400000,81.7,81.91,81.59,81.91,915.98,74866.795
1786158000000,81.91,81.92,81.69,81.77,1604.25,131225.738
1786161600000,81.77,81.86,81.69,81.78,451.65,36936.8241
1786165200000,81.78,81.82,81.64,81.76,3847.75,314348.3701
1786168800000,81.76,81.77,81.69,81.69,164.21,13419.4328
1786172400000,81.69,81.82,81.66,81.79,482.78,39469.4086
1786176000000,81.79,81.79,81.71,81.77,152.42,12462.6299
1786179600000,81.77,81.85,81.75,81.77,613.33,50180.5229
1786183200000,81.77,82.17,81.77,82.07,1551.46,127174.0928
1786186800000,82.07,82.12,81.82,81.92,1704.56,139683.3642
1786190400000,81.92,82.1,81.92,82.05,370.71,30415.9639
1786194000000,82.05,82.35,82.04,82.29,1806.74,148512.8345
1786197600000,82.29,82.36,81.72,81.92,2568.48,210687.3
1786201200000,81.92,82.03,81.67,81.85,1855.0,151844.9135
1786204800000,81.85,82.11,81.74,82.06,1464.77,119984.1201
1786208400000,82.06,82.72,82.02,82.31,5467.05,450743.0283
1786212000000,82.31,82.47,82.15,82.36,1774.77,146141.0254
1786215600000,82.36,82.57,82.3,82.48,2360.98,194656.3493
1786219200000,82.48,82.62,82.42,82.44,817.45,67444.0786
1786222800000,82.44,82.58,81.98,82.36,2375.38,195584.3845
1786226400000,82.36,82.67,82.15,82.27,1057.64,87136.7319
1786230000000,82.27,82.54,82.25,82.35,1605.46,132249.4543
1786233600000,82.35,82.39,82.2,82.23,453.43,37325.5455
1786237200000,82.23,82.65,82.23,82.49,1172.98,96725.2827
1786240800000,82.49,82.59,82.41,82.52,1024.56,84517.9962
1786244400000,82.52,82.68,82.52,82.63,238.15,19667.5792
1786248000000,82.63,82.97,82.63,82.94,1015.95,84187.2743
1786251600000,82.94,82.97,82.86,82.93,316.11,26209.1239
1786255200000,82.93,82.97,82.73,82.94,1069.71,88639.4654
1786258800000,82.94,82.94,82.68,82.69,867.73,71779.5706
1786262400000,82.69,82.87,82.69,82.78,814.47,67433.637
1786266000000,82.78,83.21,82.76,83.09,2236.4,185677.7853
1786269600000,83.09,83.16,82.95,83.04,5480.55,455032.1741
1786273200000,83.04,83.07,82.65,82.75,3770.0,312194.0794
1786276800000,82.75,82.75,82.18,82.51,3950.85,326042.3117
1786280400000,82.51,82.64,82.41,82.46,1497.9,123608.9405
1786284000000,82.46,82.54,82.31,82.51,1457.24,120119.3797
1786287600000,82.51,82.59,82.48,82.56,460.2,37981.5427
1786291200000,82.56,82.56,82.02,82.16,1791.97,147257.2284
1786294800000,82.16,82.33,82.12,82.29,1876.53,154299.2667
1786298400000,82.29,82.91,82.26,82.82,1472.55,121619.2661
1786302000000,82.82,83.06,82.66,82.73,2867.6,237491.5706
1786305600000,82.73,82.94,82.65,82.79,1695.84,140438.8814
1786309200000,82.79,83.77,82.71,83.44,5964.2,496922.1437
1786312800000,83.44,84.37,83.28,83.88,10484.81,880505.4975
1786316400000,83.88,84.03,83.66,83.89,961.05,80566.5477
1786320000000,83.89,84.03,83.65,83.72,1878.38,157518.3334
1786323600000,83.72,84.26,83.21,83.96,2772.68,232893.9368
1786327200000,83.96,84.08,83.66,83.93,1252.44,105039.3513
1786330800000,83.93,83.97,83.64,83.87,2158.7,180940.2692
1786334400000,83.87,83.94,83.35,83.45,1576.2,131940.0696
1786338000000,83.45,83.58,82.81,82.83,1049.77,87418.6624
1786341600000,82.83,83.3,82.82,82.94,1459.55,121233.6044
1786345200000,82.94,83.66,82.82,83.27,5274.76,439588.7954
1786348800000,83.27,84.23,83.19,84.07,4917.57,411858.1218
1786352400000,84.07,84.12,83.66,83.96,5833.44,489642.2452
1786356000000,83.96,84.55,83.42,84.4,3986.12,335103.1617
1786359600000,84.4,84.5,83.87,84.44,3178.19,267611.1805
1786363200000,84.44,84.78,84.18,84.6,4325.44,365348.3541
1786366800000,84.6,85.75,84.2,85.69,6627.03,563755.3684
1786370400000,85.69,85.73,85.19,85.58,4509.69,385496.4028
1786374000000,85.58,86.35,85.49,86.04,5504.51,473764.0298
1786377600000,86.04,86.53,85.77,86.46,11615.84,1000399.6076
1786381200000,86.46,86.88,86.44,86.87,14175.14,1227241.1436
1786384800000,86.87,87.2,86.68,86.71,5795.69,504458.8561
1786388400000,86.71,86.93,86.44,86.86,27023.28,2343400.5465
1786392000000,86.86,87.04,86.75,86.98,9028.3,784406.4033
1786395600000,86.98,87.15,86.83,86.96,7588.28,660291.6515
1786399200000,86.96,87.05,86.79,86.85,2746.32,238591.7416
1786402800000,86.85,86.9,86.62,86.84,4133.33,358608.2521
1786406400000,86.84,87.13,86.71,86.91,12044.82,1046579.7712
1786410000000,86.91,87.15,86.71,87.01,1311.01,113955.9422
1786413600000,87.01,87.11,86.82,87.01,711.79,61902.7809
1786417200000,87.01,87.07,86.77,86.81,552.07,47966.2803
1786420800000,86.81,86.98,86.59,86.88,670.02,58131.9228
1786424400000,86.88,87.2,86.78,87.04,3161.0,274859.7131
1786428000000,87.04,88.32,86.91,88.02,4242.48,372528.2442
1786431600000,88.02,88.63,87.87,88.57,3610.94,319077.7572
1786435200000,88.57,88.91,88.26,88.83,3225.51,286017.2075
1786438800000,88.83,88.91,88.3,88.62,3342.67,296174.6496
1786442400000,88.62,88.72,87.73,87.84,6944.82,612097.7017
1786446000000,87.84,87.87,86.13,86.56,20789.27,1800623.678
1786449600000,86.56,87.14,86.2,86.9,10877.77,944392.408
1786453200000,86.9,86.91,85.79,86.12,7188.01,619199.1801
1786456800000,86.12,87.25,86.05,87.15,6063.26,525976.3933
1786460400000,87.15,87.81,86.85,87.68,5162.21,451189.7574
1786464000000,87.68,87.68,87.09,87.44,2585.54,225826.0772
1786467600000,87.44,87.63,87.28,87.61,3445.64,301440.9072
1786471200000,87.61,87.69,87.32,87.51,7113.09,622622.9608
1786474800000,87.51,88.02,87.5,87.83,3044.3,267243.4551
1786478400000,87.83,87.86,87.48,87.53,30618.46,2685242.6583
1786482000000,87.53,87.8,86.99,87.78,16617.8,1450561.9787
1786485600000,87.78,87.9,87.68,87.77,3285.85,288445.4769
1786489200000,87.77,87.81,87.65,87.69,1735.18,152233.7163
1786492800000,87.69,88.17,87.53,88.03,9041.25,793548.0922
1786496400000,88.03,88.22,87.81,87.86,2153.49,189615.0388
1786500000000,87.86,88.22,87.86,88.13,793.67,69832.9893
1786503600000,88.13,88.44,88.06,88.4,960.83,84807.7488
1786507200000,88.4,88.41,87.75,87.78,1181.25,104019.8072
1786510800000,87.78,88.15,87.6,88.1,3189.8,280237.8296
1786514400000,88.1,88.12,87.51,87.78,1643.7,144337.9107
1786518000000,87.78,88.15,87.76,87.94,1836.25,161421.0153
1786521600000,87.94,87.96,87.32,87.66,3566.56,312621.1281
1786525200000,87.66,87.67,86.55,87.06,6811.98,592682.3767
1786528800000,87.06,87.79,86.99,87.41,7244.49,632910.5105
1786532400000,87.41,87.66,87.18,87.6,1910.03,167003.5447
1786536000000,87.6,87.86,86.85,86.86,6308.84,551247.7946
1786539600000,86.86,86.98,86.62,86.75,6304.82,547067.3464
1786543200000,86.75,87.17,86.55,87.0,4911.3,426784.4811
1786546800000,87.0,87.31,86.97,87.2,8040.14,701222.9147
1786550400000,87.2,87.2,86.86,86.86,3877.67,337440.9604
1786554000000,86.86,87.28,86.81,87.18,3255.93,283419.1206
1786557600000,87.18,87.48,86.98,87.33,2053.77,179251.267
1786561200000,87.33,87.33,87.06,87.21,1248.78,108893.5977
1786564800000,87.21,87.22,86.69,86.73,2178.95,189339.6872
1786568400000,86.73,87.04,86.72,86.86,1313.64,114139.0106
1786572000000,86.86,86.88,86.73,86.78,708.28,61482.542
1786575600000,86.78,86.87,86.75,86.83,776.11,67379.1987
1786579200000,86.83,86.83,86.22,86.23,2212.38,191447.5369
1786582800000,86.23,86.45,86.04,86.29,1361.78,117490.9239
1786586400000,86.29,86.32,86.1,86.27,1418.13,122264.1338
1786590000000,86.27,86.72,86.08,86.67,669.07,57793.9681
1786593600000,86.67,86.95,86.67,86.95,626.55,54419.492
1786597200000,86.95,87.21,86.89,87.03,944.07,82133.4314
1786600800000,87.03,87.14,86.64,86.65,2889.74,251274.4969
1786604400000,86.65,87.05,85.92,86.28,4180.16,361102.8164
1786608000000,86.28,86.46,85.66,85.81,3402.46,292680.2365
1786611600000,85.81,85.81,85.2,85.75,4439.75,379870.2765
1786615200000,85.75,86.03,85.38,85.49,3561.01,304997.7949
1786618800000,85.49,85.78,85.34,85.75,3599.75,308320.2829
1786622400000,85.75,85.76,85.25,85.37,3833.41,327836.3607
1786626000000,85.37,85.55,84.77,84.78,42112.33,3587822.5239
1786629600000,84.78,85.42,84.41,85.36,16029.84,1361467.9474
1786633200000,85.36,86.8,85.34,86.59,14930.39,1287349.3475
1786636800000,86.59,86.59,85.87,85.99,6281.06,541330.0094
1786640400000,85.99,86.14,85.93,85.95,3121.83,268599.7874
1786644000000,85.95,85.95,85.11,85.29,9999.27,854957.7545
1786647600000,85.29,85.42,85.19,85.33,5592.61,477173.7273
1786651200000,85.33,85.37,85.1,85.25,3289.13,280310.425
1786654800000,85.25,85.48,85.21,85.36,955.37,81497.6806
1786658400000,85.36,85.39,85.14,85.16,21798.89,1859370.6775
1786662000000,85.16,85.41,85.15,85.38,974.39,83129.4263
1786665600000,85.38,85.46,85.15,85.17,3196.78,272523.9802
1786669200000,85.17,85.56,84.99,85.08,3265.49,278381.8773
1786672800000,85.08,85.43,84.84,85.43,3948.18,335767.7382
1786676400000,85.43,85.52,85.24,85.38,1188.71,101492.3188
1786680000000,85.38,85.46,85.27,85.38,1425.74,121671.3661
1786683600000,85.38,86.02,85.3,85.98,2133.97,182854.6995
1786687200000,85.98,86.21,85.83,86.08,3047.24,262186.1497
1786690800000,86.08,86.73,86.08,86.66,3867.09,334730.9122
1786694400000,86.66,86.73,85.81,86.05,7281.08,627473.392
1786698000000,86.05,86.08,85.52,85.6,2980.61,255639.3988
1786701600000,85.6,85.6,85.01,85.09,5828.4,497228.576
1786705200000,85.09,85.46,85.08,85.21,4477.62,382260.4809
1786708800000,85.21,85.75,85.04,85.1,2841.03,242618.0648
1786712400000,85.1,85.39,84.89,85.36,4501.49,383189.6325
1786716000000,85.36,86.03,85.36,85.9,7578.49,649606.5469
1786719600000,85.9,86.1,85.65,85.89,3745.74,321827.013
1786723200000,85.89,86.16,85.78,86.1,1389.35,119553.7666
1786726800000,86.1,86.52,86.04,86.42,1692.06,146072.0006
1786730400000,86.42,86.79,86.25,86.56,1918.51,166091.2735
1786734000000,86.56,86.59,86.41,86.53,1130.89,97819.3745
1786737600000,86.53,86.71,86.42,86.58,2252.64,194850.1464
1786741200000,86.58,86.77,86.25,86.63,5096.83,441096.7325
1786744800000,86.63,86.82,86.52,86.69,970.21,84134.9092
1786748400000,86.69,86.88,86.68,86.83,1852.85,160899.3634
1786752000000,86.83,86.97,86.74,86.74,733.5,63736.5642
1786755600000,86.74,86.74,86.07,86.46,2078.45,179506.4037
1786759200000,86.46,86.53,86.37,86.4,924.25,79910.8438
1786762800000,86.4,86.53,86.35,86.53,444.02,38379.1228
1786766400000,86.53,86.61,86.48,86.6,1847.56,159950.2475
1786770000000,86.6,86.74,86.57,86.69,173.48,15032.0207
1786773600000,86.69,86.8,86.13,86.33,1308.63,113044.1573
1786777200000,86.33,86.44,84.54,85.67,16755.64,1431385.5042
1786780800000,85.67,85.81,85.42,85.61,1705.75,146041.7231
1786784400000,85.61,85.74,85.58,85.72,540.56,46312.9773
1786788000000,85.72,85.78,85.37,85.5,668.28,57188.2597
1786791600000,85.5,86.06,85.47,86.05,2325.83,199592.2571
1786795200000,86.05,86.09,85.92,85.99,778.39,66951.5228
1786798800000,85.99,86.03,85.97,85.99,328.55,28254.4106
1786802400000,85.99,86.02,85.96,86.01,285.71,24569.962
1786806000000,86.01,86.03,85.96,86.02,1394.38,119903.3042
1786809600000,86.02,86.06,85.98,86.04,328.43,28250.9861
1786813200000,86.04,86.14,85.98,86.11,632.71,54469.2031
1786816800000,86.11,86.57,86.05,86.31,1253.51,108175.039
1786820400000,86.31,86.69,86.3,86.56,1273.53,110055.4124
1786824000000,86.56,86.56,86.3,86.3,1967.41,169935.0465
1786827600000,86.3,86.3,86.17,86.17,637.86,55014.4976
1786831200000,86.17,86.4,86.11,86.13,566.24,48827.9823
1786834800000,86.13,86.29,86.13,86.16,194.11,16733.9713
1786838400000,86.16,86.24,86.16,86.21,128.61,11088.3383
1786842000000,86.21,86.53,86.21,86.45,270.16,23341.3906
1786845600000,86.45,86.52,86.08,86.34,1701.24,146737.4407
1786849200000,86.34,86.5,86.3,86.37,406.51,35120.3799
1786852800000,86.37,86.41,86.25,86.25,475.06,41010.9645
1786856400000,86.25,86.32,86.2,86.27,119.88,10338.6961
1786860000000,86.27,86.35,86.23,86.25,92.48,7979.8169
1786863600000,86.25,86.35,86.2,86.29,138.34,11934.9626
1786867200000,86.29,86.45,86.29,86.44,102.11,8817.4189
1786870800000,86.44,86.44,86.24,86.34,244.69,21118.2719
1786874400000,86.34,86.34,86.26,86.27,578.0,49873.4351
1786878000000,86.27,86.34,86.25,86.3,136.02,11736.3093
1786881600000,86.3,86.4,86.29,86.33,1369.23,118211.0757
1786885200000,86.33,86.33,86.16,86.19,1897.9,163562.6346
1786888800000,86.19,86.27,86.17,86.19,177.97,15346.7141
1786892400000,86.19,86.29,86.18,86.27,462.56,39900.0271
1786896000000,86.27,86.32,86.22,86.27,982.19,84730.8433
1786899600000,86.27,86.37,86.25,86.33,596.66,51510.7627
1786903200000,86.33,86.67,86.33,86.59,1219.43,105469.9464
1786906800000,86.59,86.73,86.41,86.56,1473.18,127633.5427
1786910400000,86.56,86.69,86.47,86.54,347.32,30065.372
1786914000000,86.54,86.73,86.36,86.61,1009.33,87372.5643
1786917600000,86.61,86.9,86.49,86.55,3797.33,329269.5573
1786921200000,86.55,86.71,86.55,86.62,644.88,55869.2307
1786924800000,86.62,86.62,86.2,86.2,1794.7,155189.8981
1786928400000,86.2,87.11,86.02,86.88,4138.63,359117.7045
1786932000000,86.88,87.23,86.65,86.76,15381.48,1336162.8603
1786935600000,86.76,86.83,86.52,86.52,1947.35,168864.3998
1786939200000,86.52,86.68,86.39,86.47,1370.24,118546.4074
1786942800000,86.47,86.54,86.18,86.24,1824.88,157680.848
1786946400000,86.24,86.42,86.09,86.35,1736.79,149816.4156
1786950000000,86.35,86.7,86.13,86.56,13273.72,1147032.2576
1786953600000,86.56,87.0,86.43,87.0,7692.29,667632.2752
1786957200000,87.0,87.5,86.89,87.32,2865.72,249786.1125
1786960800000,87.32,87.45,86.35,87.13,8387.38,729243.9814
1786964400000,87.13,87.21,86.81,86.84,2412.12,209858.3397
1786968000000,86.84,87.52,86.59,87.38,9484.9,824558.5225
1786971600000,87.38,87.49,86.86,87.13,2477.04,215933.4347
1786975200000,87.13,87.17,86.7,86.76,1742.8,151509.8336
1786978800000,86.76,87.36,86.76,87.31,2544.35,221833.3212
1786982400000,87.31,87.52,87.0,87.52,3641.77,317767.2508
1786986000000,87.52,89.36,87.48,89.28,7021.77,620330.1033
1786989600000,89.28,89.31,88.68,88.77,3226.1,287223.1877
1786993200000,88.77,89.05,88.74,89.02,809.03,71924.4159
1786996800000,89.02,89.31,88.93,89.29,867.46,77329.1192
1787000400000,89.29,89.45,88.99,89.36,1048.63,93524.7667
1787004000000,89.36,89.63,89.2,89.31,4340.49,388397.1581
1787007600000,89.31,89.39,89.2,89.24,703.5,62826.0647
1787011200000,89.24,89.34,89.08,89.09,1782.41,159056.15
1787014800000,89.09,89.51,88.94,89.31,1941.86,173215.8207
1787018400000,89.31,89.51,89.26,89.42,956.28,85488.7849
1787022000000,89.42,89.65,89.39,89.65,1478.48,132317.8475
1787025600000,89.65,89.74,89.5,89.51,5319.1,476359.8508
1787029200000,89.51,89.72,89.32,89.45,934.87,83696.4891
1787032800000,89.45,89.97,89.45,89.56,2221.91,199520.2559
1787036400000,89.56,89.66,89.15,89.49,3257.92,291000.426
1787040000000,89.49,89.72,89.12,89.25,2720.16,243317.5515
1787043600000,89.25,89.36,89.06,89.14,679.8,60670.0026
1787047200000,89.14,89.44,88.98,89.13,1771.32,158038.3249
1787050800000,89.13,89.43,89.06,89.39,1414.93,126252.8622
1787054400000,89.39,89.68,89.26,89.54,1550.16,138788.2516
1787058000000,89.54,90.11,89.18,89.66,6345.63,568699.7688
1787061600000,89.66,89.87,89.15,89.83,4867.54,435086.2953
1787065200000,89.83,90.38,89.47,90.1,13117.44,1180067.5918
1787068800000,90.1,90.1,89.59,89.67,5118.45,459746.4136
1787072400000,89.67,89.78,89.49,89.49,1631.87,146230.2849
1787076000000,89.49,89.59,89.34,89.46,713.88,63850.3372
1787079600000,89.46,89.54,89.36,89.41,1089.23,97385.0763
1787083200000,89.41,89.78,89.37,89.72,2164.55,194149.0627
1787086800000,89.72,89.72,89.52,89.61,550.6,49345.6271
1787090400000,89.61,89.83,89.61,89.68,1216.02,109125.0362
1787094000000,89.68,89.77,89.67,89.77,295.94,26552.6466
1787097600000,89.77,90.2,89.64,90.02,3912.98,351807.3285
1787101200000,90.02,90.42,89.98,90.33,1543.57,139335.8501
1787104800000,90.33,90.4,89.96,90.04,926.12,83502.0465
1787108400000,90.04,90.22,89.96,90.04,1136.78,102450.5191
1787112000000,90.04,90.19,89.91,89.96,980.99,88360.1814
1787115600000,89.96,90.16,89.88,90.14,3135.41,282382.5818
1787119200000,90.14,90.36,89.82,89.88,1311.6,118100.8585
1787122800000,89.88,90.3,89.68,90.03,1371.48,123421.9176
1787126400000,90.03,90.34,89.64,90.31,1856.16,166930.5987
1787130000000,90.31,90.67,90.02,90.37,8628.44,780190.0788
1787133600000,90.37,90.51,90.21,90.21,1648.77,148970.3185
1787137200000,90.21,90.27,89.89,89.95,3380.85,304630.6972
1787140800000,89.95,90.04,88.89,89.32,5337.72,477177.4818
1787144400000,89.32,89.92,89.31,89.77,8211.29,735588.9179
1787148000000,89.77,90.32,89.66,90.12,4592.06,413460.4806
1787151600000,90.12,90.69,90.09,90.5,8999.58,814387.8054
1787155200000,90.5,90.75,90.4,90.74,2599.1,235309.2538
1787158800000,90.74,90.88,90.08,90.27,6623.22,599622.4777
1787162400000,90.27,90.45,89.48,89.69,7220.13,649990.115
1787166000000,89.69,89.72,89.31,89.58,1969.87,176422.6999
1787169600000,89.58,89.71,89.48,89.67,1113.26,99741.0874
1787173200000,89.67,89.94,89.59,89.59,2176.31,195446.3714
1787176800000,89.59,89.81,89.43,89.74,1985.44,177933.036
1787180400000,89.74,89.87,89.58,89.63,1696.36,152244.6653
1787184000000,89.63,89.97,89.59,89.95,826.91,74290.1635
1787187600000,89.95,90.31,89.83,90.11,1392.32,125457.4397
1787191200000,90.11,90.17,89.66,89.85,991.44,89194.751
1787194800000,89.85,89.94,89.68,89.79,904.4,81232.9413
1787198400000,89.79,89.98,89.68,89.8,402.06,36132.9239
1787202000000,89.8,90.0,89.7,89.86,519.88,46695.309
1787205600000,89.86,90.19,89.75,90.19,612.2,55073.796
1787209200000,90.19,91.06,90.19,90.87,4206.11,381374.1986
1787212800000,90.87,91.67,90.54,91.6,5763.57,526036.6156
1787216400000,91.6,91.95,91.49,91.92,2711.37,248674.6491
1787220000000,91.92,91.95,91.62,91.81,2771.29,254251.9175
1787223600000,91.81,92.27,91.79,92.27,1525.58,140484.508
1787227200000,92.27,92.55,91.64,91.64,1913.52,176385.7919
1787230800000,91.64,92.08,91.47,91.69,3115.96,285825.2956
1787234400000,91.69,91.94,91.02,91.2,2813.63,257018.8261
1787238000000,91.2,91.87,90.94,91.68,1556.29,142252.7735
1787241600000,91.68,91.84,91.29,91.36,793.92,72734.1329
1787245200000,91.36,91.78,91.11,91.63,966.56,88451.6172
1787248800000,91.63,92.01,91.48,91.83,1044.75,95882.1742
1787252400000,91.83,91.84,91.59,91.63,446.17,40916.0483
1787256000000,91.63,91.67,91.35,91.38,468.2,42828.6818
1787259600000,91.38,91.5,91.38,91.45,284.02,25969.3404
1787263200000,91.45,91.54,91.38,91.42,410.13,37505.1933
1787266800000,91.42,91.51,91.36,91.36,324.97,29716.6832
1787270400000,91.36,91.54,91.21,91.51,622.87,56903.0173
1787274000000,91.51,92.08,91.41,91.89,2025.24,186020.0087
1787277600000,91.89,91.97,91.75,91.75,1651.6,151826.6056
1787281200000,91.75,91.83,91.61,91.71,498.25,45709.6255
1787284800000,91.71,91.75,91.49,91.49,223.6,20496.4135
1787288400000,91.49,91.73,91.35,91.44,1042.05,95335.0424
1787292000000,91.44,91.71,91.4,91.53,1560.43,142766.3234
1787295600000,91.53,91.75,91.39,91.67,1075.68,98497.521
1787299200000,91.67,92.0,91.22,91.24,1648.64,150901.246
1787302800000,91.24,91.79,91.09,91.75,1450.16,132498.6489
1787306400000,91.75,92.51,91.75,92.1,3838.91,353636.9854
1787310000000,92.1,92.32,91.35,92.1,1890.61,173703.6558
1787313600000,92.1,92.56,91.98,92.21,1488.5,137347.7399
1787317200000,92.21,92.56,91.9,91.96,2102.81,193972.9166
1787320800000,91.96,92.3,91.83,92.22,1405.75,129542.4544
1787324400000,92.22,92.57,91.93,92.4,1405.5,129777.7554
1787328000000,92.4,92.54,92.04,92.41,2477.32,228483.3243
1787331600000,92.41,92.9,92.41,92.75,1561.5,144642.7639
1787335200000,92.75,92.75,92.38,92.48,1302.37,120498.6136
1787338800000,92.48,92.48,92.13,92.14,402.02,37098.699
1787342400000,92.14,92.33,92.04,92.05,572.51,52767.544
1787346000000,92.05,92.33,92.05,92.2,867.2,79953.4357
1787349600000,92.2,92.34,92.13,92.32,728.74,67236.475
1787353200000,92.32,92.35,92.04,92.06,619.46,57124.0208
1787356800000,92.06,92.14,91.74,91.92,1113.17,102283.7953
1787360400000,91.92,92.17,91.88,92.08,815.72,75025.2822
1787364000000,92.08,92.18,92.04,92.07,657.47,60557.8818
1787367600000,92.07,92.12,91.96,92.04,452.66,41656.515
1787371200000,92.04,92.25,92.0,92.14,2143.26,197454.4147
1787374800000,92.14,92.58,91.68,92.56,5491.42,506343.3285
1787378400000,92.56,92.56,92.34,92.4,711.16,65746.396
1787382000000,92.4,92.41,92.26,92.33,602.26,55623.986
1787385600000,92.33,92.42,92.23,92.26,469.56,43349.6029
1787389200000,92.26,92.38,92.22,92.31,338.02,31197.9124
1787392800000,92.31,92.33,92.18,92.24,988.97,91242.6242
1787396400000,92.24,92.26,92.13,92.21,310.49,28628.0404
1787400000000,92.21,92.33,92.19,92.3,196.17,18096.9182
1787403600000,92.3,92.32,91.92,92.02,542.04,49908.4532
1787407200000,92.02,92.06,91.76,91.98,571.3,52505.5882
1787410800000,91.98,92.06,91.87,91.98,501.77,46132.7683
1787414400000,91.98,92.01,91.86,92.0,225.38,20723.1406
1787418000000,92.0,92.03,91.95,91.99,201.6,18543.5314
1787421600000,91.99,92.02,91.88,91.97,288.78,26556.279
1787425200000,91.97,92.06,91.96,92.04,146.87,13511.9103
1787428800000,92.04,92.33,91.97,92.24,873.52,80534.627
1787432400000,92.24,92.4,92.24,92.33,357.75,33027.7898
1787436000000,92.33,92.39,92.25,92.36,302.71,27945.3347
1787439600000,92.36,92.38,92.26,92.26,175.85,16235.9382
1787443200000,92.26,92.3,92.13,92.16,157.17,14496.9101
1787446800000,92.16,92.23,91.97,92.14,1436.76,132337.1986
1787450400000,92.14,92.29,92.13,92.2,469.65,43307.3445
1787454000000,92.2,92.22,92.02,92.1,265.47,24458.1781
1787457600000,92.1,92.16,92.01,92.1,589.77,54308.8897
1787461200000,92.1,92.17,92.02,92.15,326.93,30106.8062
1787464800000,92.15,92.27,92.1,92.2,189.82,17505.9017
1787468400000,92.2,92.26,92.19,92.19,70.3,6483.871
1787472000000,92.19,92.28,92.11,92.15,220.65,20343.4028
1787475600000,92.15,92.21,92.11,92.12,258.39,23811.4807
1787479200000,92.12,92.18,92.1,92.13,2371.42,218483.0714
1787482800000,92.13,92.16,92.06,92.06,178.86,16474.5242
1787486400000,92.06,92.12,92.05,92.09,299.76,27607.7935
1787490000000,92.09,92.27,92.09,92.21,707.9,65262.1355
1787493600000,92.21,92.24,92.14,92.2,520.65,48004.3688
1787497200000,92.2,92.23,92.12,92.14,220.88,20361.1616
1787500800000,92.14,92.16,92.08,92.13,216.5,19941.6529
1787504400000,92.13,92.2,92.02,92.04,1613.52,148654.2228
1787508000000,92.04,92.05,91.53,91.58,1631.29,149615.9379
1787511600000,91.58,91.88,91.58,91.82,3589.54,329145.4888
1787515200000,91.82,92.04,91.79,91.95,636.82,58533.3562
1787518800000,91.95,92.03,91.84,92.0,2685.74,247060.5272
1787522400000,92.0,92.06,91.71,91.71,1058.91,97334.0294
1787526000000,91.71,91.73,91.46,91.51,1619.26,148320.6658
1787529600000,91.51,91.7,91.11,91.28,1081.11,98791.4325
1787533200000,91.28,91.31,90.21,90.83,4807.46,436047.642
1787536800000,90.83,91.3,90.69,91.25,1166.26,106195.9621
1787540400000,91.25,91.38,91.2,91.21,444.82,40605.4385
1787544000000,91.21,91.35,91.12,91.28,577.65,52701.275
1787547600000,91.28,91.39,91.08,91.2,807.17,73647.9318
1787551200000,91.2,91.28,90.85,90.9,538.79,49026.5974
1787554800000,90.9,91.44,90.82,91.36,1212.92,110509.6872
1787558400000,91.36,91.62,90.65,90.9,2426.38,221514.7348
1787562000000,90.9,91.31,90.77,91.0,844.66,76866.0153
1787565600000,91.0,91.1,90.75,91.09,791.89,72004.1195
1787569200000,91.09,91.35,90.93,91.16,3352.95,305668.955
1787572800000,91.16,91.93,90.91,91.31,6210.51,567585.5584
1787576400000,91.31,91.89,91.18,91.19,3073.49,281286.7583
1787580000000,91.19,91.34,90.61,90.81,1789.75,162685.8564
1787583600000,90.81,90.97,90.13,90.61,4427.9,400659.2297
1787587200000,90.61,90.91,90.51,90.72,2615.98,237497.9398
1787590800000,90.72,90.72,90.12,90.23,2146.58,193968.2865
1787594400000,90.23,90.6,90.16,90.53,1295.48,117136.3304
1787598000000,90.53,90.62,90.35,90.4,1289.12,116622.9432
1787601600000,90.4,90.44,90.26,90.36,915.52,82733.0866
1787605200000,90.36,90.47,90.31,90.37,281.72,25465.4738
1787608800000,90.37,90.48,90.36,90.48,258.15,23339.9418
1787612400000,90.48,90.63,90.45,90.58,393.1,35607.7137
1787616000000,90.58,90.59,90.11,90.14,432.12,39035.9584
1787619600000,90.14,90.82,90.06,90.82,2156.72,195189.9598
1787623200000,90.82,91.23,90.81,90.93,1027.14,93489.3272
1787626800000,90.93,90.94,90.52,90.81,1251.82,113474.6609
1787630400000,90.81,90.86,90.49,90.5,359.0,32568.5528
1787634000000,90.5,90.53,89.75,89.87,1192.18,107626.5717
1787637600000,89.87,89.95,89.5,89.7,2020.68,181212.4181
1787641200000,89.7,90.08,89.59,90.02,802.9,72181.1303
1787644800000,90.02,90.22,88.39,88.55,9098.97,812876.2698
1787648400000,88.55,88.62,87.61,87.64,10657.68,938086.6203
1787652000000,87.64,88.19,87.64,88.02,1537.59,135297.8062
1787655600000,88.02,88.31,87.46,87.55,2663.99,234425.9951
1787659200000,87.55,88.15,87.51,87.76,2860.36,250975.1129
1787662800000,87.76,88.11,87.27,87.93,2670.59,234081.0394
1787666400000,87.93,88.58,87.72,87.85,9928.21,874425.9561
1787670000000,87.85,87.98,86.77,87.21,6673.45,582131.7475
1787673600000,87.21,87.39,87.02,87.03,1117.32,97507.5864
1787677200000,87.03,87.11,86.91,86.93,1269.04,110433.9379
1787680800000,86.93,87.29,86.92,87.12,306.54,26705.9416
1787684400000,87.12,87.22,86.07,86.07,2386.32,207053.5798
1787688000000,86.07,86.07,84.96,85.82,6816.32,582397.4052
1787691600000,85.82,86.07,85.69,85.79,4866.96,418258.0193
1787695200000,85.79,86.03,85.78,85.89,2157.42,185341.1735
1787698800000,85.89,85.99,85.81,85.83,367.06,31528.5567
1787702400000,85.83,85.96,85.41,85.49,1531.59,131108.2788
1787706000000,85.49,85.51,85.11,85.4,1711.02,145903.096
1787709600000,85.4,85.41,85.04,85.3,1486.43,126726.5946
1787713200000,85.3,85.3,84.98,85.13,416.61,35471.5575
1787716800000,85.13,85.56,85.12,85.56,633.81,54085.895
1787720400000,85.56,85.91,85.41,85.77,2316.56,198193.1496
1787724000000,85.77,85.86,85.39,85.51,942.21,80587.9538
1787727600000,85.51,85.69,84.95,84.98,1765.33,150452.8259
1787731200000,84.98,85.61,84.69,84.82,2938.78,249804.8958
1787734800000,84.82,85.18,84.56,84.95,1922.49,163201.3014
1787738400000,84.95,85.16,84.74,85.16,1267.45,107698.4715
1787742000000,85.16,85.6,84.93,85.49,868.39,74125.4371
1787745600000,85.49,85.71,85.09,85.62,2163.14,184697.8774
1787749200000,85.62,86.55,85.5,86.5,6593.95,567335.257
1787752800000,86.5,86.77,86.26,86.74,1769.58,153110.5822
1787756400000,86.74,87.82,86.67,87.71,3645.55,318104.4278
1787760000000,87.71,88.12,87.46,87.49,1893.39,166307.2758
1787763600000,87.49,87.55,87.17,87.2,2065.47,180417.7641
1787767200000,87.2,87.22,86.58,86.58,1066.31,92611.5699
1787770800000,86.58,86.65,86.43,86.51,856.44,74096.2096
1787774400000,86.51,86.51,86.36,86.48,287.92,24884.2763
1787778000000,86.48,86.76,86.44,86.61,799.53,69288.5333
1787781600000,86.61,86.72,86.43,86.44,812.47,70272.2165
1787785200000,86.44,86.51,86.39,86.46,458.63,39657.311
1787788800000,86.46,86.51,86.17,86.41,886.77,76504.0665
1787792400000,86.41,86.8,86.26,86.26,2347.43,203210.2428
1787796000000,86.26,86.4,86.06,86.06,1145.76,98864.3915
1787799600000,86.06,86.49,86.06,86.45,471.65,40749.9756
1787803200000,86.45,86.54,86.4,86.46,345.6,29885.4516
1787806800000,86.46,86.49,86.13,86.13,270.37,23349.9618
1787810400000,86.13,86.22,85.64,85.67,1248.24,107104.8491
1787814000000,85.67,86.01,85.28,86.01,1378.45,117957.9875
1787817600000,86.01,86.46,85.93,86.43,567.59,48940.4793
1787821200000,86.43,87.02,86.43,87.02,662.27,57472.1245
1787824800000,87.02,87.38,86.89,87.14,797.61,69543.1008
1787828400000,87.14,87.46,87.04,87.32,1713.92,149614.2969
1787832000000,87.32,87.61,86.95,87.37,1604.95,140141.1348
1787835600000,87.37,88.07,87.33,87.81,15051.75,1319911.7636
1787839200000,87.81,88.02,86.77,86.78,2543.1,222727.7106
1787842800000,86.78,87.59,86.78,87.42,1446.62,126304.7191
1787846400000,87.42,87.72,87.2,87.51,944.32,82587.5743
1787850000000,87.51,88.82,87.43,88.75,2216.79,195571.0846
1787853600000,88.75,89.1,88.36,88.66,2144.54,190409.9606
1787857200000,88.66,88.87,88.5,88.5,2778.04,246302.9304
1787860800000,88.5,88.53,88.36,88.46,244.83,21652.4983
1787864400000,88.46,88.51,88.29,88.38,363.43,32117.527
1787868000000,88.38,88.69,88.38,88.54,233.77,20697.4363
1787871600000,88.54,88.56,88.39,88.4,298.57,26407.553
1787875200000,88.4,88.43,88.22,88.22,266.56,23542.939
1787878800000,88.22,88.46,87.98,88.1,560.61,49406.397
1787882400000,88.1,88.48,88.05,88.13,566.52,49983.528
1787886000000,88.13,88.26,88.07,88.12,331.09,29190.3561
1787889600000,88.12,88.28,88.08,88.27,113.36,9996.1346
1787893200000,88.27,88.34,87.87,88.12,322.87,28447.7995
1787896800000,88.12,88.22,87.83,87.98,410.36,36095.5388
1787900400000,87.98,88.32,87.65,87.98,361.67,31802.46
1787904000000,87.98,88.26,87.54,88.26,1749.48,153807.2652
1787907600000,88.26,88.47,87.88,88.03,2195.39,193302.8531
1787911200000,88.03,88.62,87.82,88.26,2215.47,195058.0496
1787914800000,88.26,88.31,87.9,87.91,606.5,53451.9957
1787918400000,87.91,87.99,87.36,87.39,1471.09,128895.6811
1787922000000,87.39,87.62,87.17,87.28,1790.51,156552.3889
1787925600000,87.28,88.1,87.19,87.9,4958.2,434759.7387
1787929200000,87.9,88.25,87.86,87.88,1666.54,146813.845
1787932800000,87.88,88.24,87.76,88.19,1347.15,118455.0592
1787936400000,88.19,88.32,87.94,88.07,879.53,77478.8492
1787940000000,88.07,88.12,87.78,87.81,2069.82,181954.4526
1787943600000,87.81,88.2,87.81,88.1,1064.51,93711.6924
1787947200000,88.1,88.21,88.06,88.18,329.15,29016.932
1787950800000,88.18,88.18,88.02,88.11,262.98,23169.3108
1787954400000,88.11,88.14,87.71,87.71,806.28,70854.0573
1787958000000,87.71,87.97,87.67,87.89,664.98,58399.421
1787961600000,87.89,87.99,87.75,87.98,1003.61,88245.1443
1787965200000,87.98,88.06,87.92,87.94,309.42,27230.5286
1787968800000,87.94,87.97,87.88,87.95,49.84,4382.4061
1787972400000,87.95,88.0,87.94,87.99,55.98,4925.0518
1787976000000,87.99,87.99,87.81,87.91,213.83,18797.585
1787979600000,87.91,87.95,87.89,87.89,111.76,9825.1721
1787983200000,87.89,87.91,87.81,87.83,204.01,17920.441
1787986800000,87.83,87.95,87.83,87.86,146.22,12851.443
1787990400000,87.86,87.89,87.85,87.86,156.4,13742.6461
1787994000000,87.86,87.89,87.85,87.89,133.18,11701.5293
1787997600000,87.89,87.9,87.87,87.89,73.55,6464.2638
1788001200000,87.89,87.92,87.88,87.9,663.57,58321.8403
1788004800000,87.9,87.91,87.88,87.91,41.64,3659.8816
1788008400000,87.91,87.94,87.9,87.93,222.83,19591.6949
1788012000000,87.93,87.93,87.91,87.91,92.11,8098.4933
1788015600000,87.91,87.93,87.62,87.92,1295.47,113751.7013
1788019200000,87.92,87.95,87.88,87.92,226.35,19898.6776
1788022800000,87.92,87.94,87.88,87.91,136.45,11995.6192
1788026400000,87.91,87.94,87.89,87.9,64.59,5678.4348
1788030000000,87.9,87.92,87.85,87.86,96.79,8506.1691
1788033600000,87.86,87.86,87.79,87.85,106.96,9392.369
1788037200000,87.85,87.94,87.8,87.82,168.71,14825.1976
1788040800000,87.82,87.91,87.82,87.9,149.56,13141.4013
1788044400000,87.9,87.94,87.87,87.89,167.6,14735.4134
1788048000000,87.89,87.89,87.81,87.81,30.0,2635.7318
1788051600000,87.81,87.83,87.78,87.83,73.86,6485.1319
1788055200000,87.83,87.83,87.76,87.82,56.28,4941.2371
1788058800000,87.82,87.83,87.8,87.82,24.6,2160.077
1788062400000,87.82,87.91,87.82,87.89,215.09,18901.0678
1788066000000,87.89,87.94,87.87,87.87,1016.36,89331.5145
1788069600000,87.87,87.93,87.84,87.93,103.07,9057.5688
1788073200000,87.93,87.96,87.91,87.91,88.4,7773.0585
1788076800000,87.91,87.95,87.87,87.94,125.23,11009.0263
1788080400000,87.94,87.97,87.93,87.96,53.18,4677.373
1788084000000,87.96,88.04,87.96,88.03,771.27,67870.4484
1788087600000,88.03,88.15,87.96,87.98,342.58,30159.8251
1788091200000,87.98,88.05,87.88,88.01,397.77,34985.5352
1788094800000,88.01,88.05,87.99,88.03,114.56,10083.203
1788098400000,88.03,88.1,87.92,88.04,639.43,56270.0709
1788102000000,88.04,88.08,87.97,88.01,259.18,22814.2258
1788105600000,88.01,88.11,88.01,88.1,135.99,11977.9678
1788109200000,88.1,88.13,88.04,88.11,389.75,34335.8132
1788112800000,88.11,88.14,88.07,88.09,157.89,13909.8157
1788116400000,88.09,89.38,88.09,89.21,7753.08,688787.4982
1788120000000,89.21,90.06,89.19,90.01,6399.45,573300.6765
1788123600000,90.01,90.57,89.87,90.29,6942.81,626765.6217
1788127200000,90.29,90.57,89.53,89.61,13054.01,1172507.0408
1788130800000,89.61,89.68,89.32,89.56,1525.13,136584.9613
1788134400000,89.56,89.59,88.96,89.14,1967.51,175321.5567
1788138000000,89.14,90.43,89.14,90.15,3341.81,300722.1061
1788141600000,90.15,90.63,90.1,90.1,3753.04,339186.6138
1788145200000,90.1,90.19,89.94,90.13,581.1,52343.4559
1788148800000,90.13,90.43,90.06,90.27,423.41,38198.902
1788152400000,90.27,90.91,90.24,90.56,3852.8,348960.9204
1788156000000,90.56,90.78,90.33,90.36,1083.84,98133.5164
1788159600000,90.36,90.37,89.51,90.26,7915.99,713706.3837
1788163200000,90.26,91.23,90.08,91.2,5969.13,542460.9182
1788166800000,91.2,91.31,90.88,91.19,4363.22,397885.4251
1788170400000,91.19,91.42,90.77,90.84,1854.48,168929.4733
1788174000000,90.84,91.19,90.83,90.93,6869.29,626041.6199
1788177600000,90.93,91.24,90.53,90.64,5489.0,498760.68
1788181200000,90.64,91.16,90.21,90.86,2582.01,234189.5717
1788184800000,90.86,90.91,90.22,90.34,8510.78,771039.5094
1788188400000,90.34,90.61,90.17,90.4,2338.59,211555.7541
1788192000000,90.4,90.47,90.04,90.31,1591.45,143629.9153
1788195600000,90.31,90.59,90.21,90.22,1614.53,145959.7697
1788199200000,90.22,90.62,90.15,90.2,616.73,55795.8398
1788202800000,90.2,90.5,90.18,90.48,498.53,45022.3293
1788206400000,90.48,90.76,90.4,90.73,1191.77,107984.3788
1788210000000,90.73,90.73,90.6,90.61,504.88,45763.8186
1788213600000,90.61,90.93,90.6,90.75,636.56,57749.587
1788217200000,90.75,90.89,90.71,90.87,448.52,40735.6818
1788220800000,90.87,91.09,90.83,90.97,2012.32,183095.4185
1788224400000,90.97,91.18,90.81,90.81,941.61,85710.4099
1788228000000,90.81,91.24,90.8,91.09,1517.3,138249.5191
1788231600000,91.09,91.24,91.04,91.16,934.76,85212.8236
1788235200000,91.16,91.48,91.09,91.46,4711.18,429727.3556
1788238800000,91.46,91.48,90.68,90.96,2578.56,234642.6507
1788242400000,90.96,91.31,90.91,91.16,1738.49,158413.1276
1788246000000,91.16,91.84,91.04,91.66,19443.89,1780000.1148
1788249600000,91.66,92.44,91.59,92.39,13496.96,1243673.2135
1788253200000,92.39,92.39,92.03,92.19,1895.73,174747.8872
1788256800000,92.19,92.26,91.81,92.04,1747.92,160816.8371
1788260400000,92.04,92.17,91.68,91.98,1832.77,168523.9348
1788264000000,91.98,92.57,91.71,92.28,2578.84,237967.6368
1788267600000,92.28,92.73,92.28,92.47,4198.74,388693.462
1788271200000,92.47,92.51,91.87,92.35,2770.89,255114.1314
1788274800000,92.35,92.63,92.14,92.55,1990.21,183979.5787
1788278400000,92.55,94.22,92.48,93.9,32700.95,3059235.8509
1788282000000,93.9,94.47,93.73,94.33,5213.33,490749.0867
1788285600000,94.33,95.0,94.12,94.94,5954.2,564073.3405
1788289200000,94.94,95.07,94.79,95.07,6391.63,606869.6861
1788292800000,95.07,95.3,94.89,95.11,5585.28,531353.2926
1788296400000,95.11,95.11,94.51,95.03,9262.56,878709.2455
1788300000000,95.03,95.43,95.03,95.22,2675.27,254772.4191
1788303600000,95.22,95.25,95.02,95.13,1695.49,161231.3686
1788307200000,95.13,96.62,94.97,96.62,9247.89,885002.1473
1788310800000,96.62,96.88,95.85,95.92,6199.05,597448.0169
1788314400000,95.92,96.12,95.36,95.38,1620.02,154921.3224
1788318000000,95.38,95.56,95.19,95.33,1717.56,163728.7851
1788321600000,95.33,95.47,95.1,95.18,1901.99,181214.5091
1788325200000,95.18,95.52,95.15,95.5,2196.68,209487.6035
1788328800000,95.5,95.74,95.18,95.35,3464.19,330772.4983
1788332400000,95.35,95.42,94.46,94.77,6859.78,650352.682
1788336000000,94.77,94.97,94.54,94.66,2467.38,233825.7921
1788339600000,94.66,95.17,94.53,95.04,5152.2,488664.8135
1788343200000,95.04,95.13,94.68,94.96,2269.9,215501.2371
1788346800000,94.96,95.06,93.62,93.63,9974.87,939772.0971
1788350400000,93.63,94.54,93.49,94.45,5201.83,488699.6915
1788354000000,94.45,94.47,93.78,93.81,2283.2,215125.2842
1788357600000,93.81,95.27,93.68,95.26,5586.34,527955.6902
1788361200000,95.26,95.7,95.08,95.34,6840.12,652646.8986
1788364800000,95.34,95.76,95.29,95.61,3428.6,327511.8578
1788368400000,95.61,95.84,95.29,95.31,3087.33,295090.9553
1788372000000,95.31,95.89,95.06,95.38,4886.37,466165.4233
1788375600000,95.38,95.5,95.27,95.32,543.36,51835.8548
1788379200000,95.32,95.33,94.85,95.12,2470.71,234983.8671
1788382800000,95.12,95.27,95.12,95.18,944.12,89863.8536
1788386400000,95.18,95.31,95.16,95.22,673.44,64146.7947
1788390000000,95.22,95.22,95.07,95.07,695.73,66196.5963
1788393600000,95.07,95.22,95.01,95.14,677.05,64399.2428
1788397200000,95.14,95.78,94.88,95.72,1203.84,114699.815
1788400800000,95.72,95.78,95.24,95.41,593.56,56682.1494
1788404400000,95.41,95.53,95.28,95.3,3006.86,286685.8179
1788408000000,95.3,95.33,94.91,94.91,4736.64,451246.0977
1788411600000,94.91,94.93,94.14,94.25,4207.84,397897.4769
1788415200000,94.25,94.57,93.98,94.48,4137.29,390012.6445
1788418800000,94.48,95.14,94.4,95.04,7153.06,678629.5295
1788422400000,95.04,95.8,94.05,95.8,10940.01,1036613.9012
1788426000000,95.8,96.93,95.55,96.76,7749.81,747285.2291
1788429600000,96.76,97.5,96.64,97.24,7057.47,685290.5986
1788433200000,97.24,97.24,96.41,97.16,13006.45,1258594.5365
1788436800000,97.16,97.18,95.85,96.0,8353.44,805103.5454
1788440400000,96.0,96.45,95.88,96.06,3325.51,319683.7081
1788444000000,96.06,96.85,96.04,96.45,4602.66,444293.3716
1788447600000,96.45,96.94,95.39,95.47,5779.74,555784.0993
1788451200000,95.47,95.74,95.3,95.65,9289.29,887036.047
1788454800000,95.65,96.07,95.32,95.35,10621.05,1014530.7151
1788458400000,95.35,95.53,94.98,95.51,3530.77,336560.2314
1788462000000,95.51,95.62,95.27,95.61,926.21,88451.2904
1788465600000,95.61,95.76,95.61,95.71,1020.09,97602.4838
1788469200000,95.71,95.87,95.6,95.76,970.08,92901.8409
1788472800000,95.76,95.78,95.63,95.71,856.41,81950.8984
1788476400000,95.71,95.81,95.68,95.72,329.59,31557.799
1788480000000,95.72,95.81,95.35,95.52,1046.85,100046.301
1788483600000,95.52,96.01,95.45,95.91,1058.06,101312.7961
1788487200000,95.91,95.98,95.57,95.74,546.75,52379.848
1788490800000,95.74,95.87,95.54,95.85,788.4,75440.6262
1788494400000,95.85,95.93,95.47,95.48,235.32,22517.5464
1788498000000,95.48,95.6,95.25,95.35,2423.62,231139.9662
1788501600000,95.35,95.64,95.27,95.44,1047.87,100027.288
1788505200000,95.44,95.82,94.85,95.0,2174.17,207029.0603
1788508800000,95.0,95.17,94.73,94.96,3941.09,374392.3089
1788512400000,94.96,95.4,94.91,95.37,3029.52,288188.4044
1788516000000,95.37,95.39,94.68,94.71,2787.37,264799.0572
1788519600000,94.71,95.09,94.71,94.97,1255.61,119225.1699
1788523200000,94.97,94.97,94.17,94.21,3953.25,374166.0021
1788526800000,94.21,94.55,93.04,93.28,6541.94,612429.466
1788530400000,93.28,95.39,93.28,95.36,11109.76,1054173.3967
1788534000000,95.36,95.55,94.77,95.49,10305.2,979103.0925
1788537600000,95.49,95.83,95.13,95.82,8558.09,814992.3708
1788541200000,95.82,95.95,95.33,95.5,3356.12,321118.0428
1788544800000,95.5,96.39,95.42,96.09,3410.06,327116.4548
1788548400000,96.09,96.11,95.82,95.93,1874.99,180028.1577
1788552000000,95.93,96.04,95.64,95.7,1181.33,113208.3716
1788555600000,95.7,95.97,95.64,95.77,3019.76,289113.1953
1788559200000,95.77,95.82,95.48,95.74,1142.16,109308.6909
1788562800000,95.74,95.9,95.61,95.63,1680.28,160879.6525
1788566400000,95.63,95.7,95.48,95.67,3260.56,311604.0108
1788570000000,95.67,95.77,95.63,95.73,1492.02,142805.8887
1788573600000,95.73,95.79,95.64,95.75,666.12,63764.3947
1788577200000,95.75,95.78,95.68,95.7,322.17,30842.3779
1788580800000,95.7,95.82,95.63,95.72,606.18,58033.9699
1788584400000,95.72,95.76,95.69,95.72,355.83,34058.6695
1788588000000,95.72,95.72,95.49,95.68,1101.82,105333.4339
1788591600000,95.68,95.78,95.66,95.72,624.75,59804.7103
1788595200000,95.72,95.78,95.63,95.74,207.14,19827.8134
1788598800000,95.74,95.82,95.71,95.76,310.18,29706.1516
1788602400000,95.76,95.78,95.67,95.75,179.21,17159.5239
1788606000000,95.75,95.91,95.69,95.82,915.59,87714.3852
1788609600000,95.82,95.98,95.68,95.86,810.09,77627.6387
1788613200000,95.86,96.68,95.75,96.31,6277.57,604466.264
1788616800000,96.31,96.36,96.12,96.25,2418.44,232823.7647
1788620400000,96.25,96.43,96.18,96.37,3708.23,357103.5249
1788624000000,96.37,96.46,96.15,96.23,962.44,92692.6684
1788627600000,96.23,96.37,96.14,96.19,1017.54,97956.5609
1788631200000,96.19,96.39,96.17,96.38,508.74,48988.1374
1788634800000,96.38,96.7,96.35,96.63,3624.17,349896.3934
1788638400000,96.63,96.79,96.34,96.53,2595.33,250840.2295
1788642000000,96.53,96.64,96.41,96.57,976.77,94225.4305
1788645600000,96.57,96.67,96.41,96.42,474.55,45823.6611
1788649200000,96.42,96.56,96.36,96.42,566.13,54609.4188
1788652800000,96.42,96.6,96.02,96.56,1275.83,122851.6117
1788656400000,96.56,96.66,96.43,96.46,480.71,46426.8578
1788660000000,96.46,96.53,96.41,96.49,111.81,10786.6496
1788663600000,96.49,96.6,96.41,96.42,213.87,20634.3678
1788667200000,96.42,96.64,96.37,96.51,1468.26,141607.9278
1788670800000,96.51,96.77,96.48,96.72,1040.98,100621.3131
1788674400000,96.72,96.78,96.67,96.69,224.51,21717.7856
1788678000000,96.69,96.77,96.64,96.7,281.31,27203.6409
1788681600000,96.7,96.75,96.67,96.75,724.81,70114.8116
1788685200000,96.75,96.78,96.7,96.75,183.07,17709.0299
1788688800000,96.75,96.76,96.6,96.67,523.06,50585.6633
1788692400000,96.67,96.68,96.39,96.41,501.47,48396.6862
1788696000000,96.41,96.52,96.29,96.4,1339.58,129122.1846
1788699600000,96.4,96.57,96.3,96.55,847.85,81745.2145
1788703200000,96.55,96.75,96.52,96.71,1693.93,163691.5238
1788706800000,96.71,96.8,96.56,96.68,633.27,61228.8247
1788710400000,96.68,96.79,96.64,96.7,987.5,95507.569
1788714000000,96.7,96.81,96.67,96.77,1328.37,128536.7877
1788717600000,96.77,96.82,96.68,96.71,970.66,93932.6145
1788721200000,96.71,96.71,96.44,96.49,1117.03,107853.8428
1788724800000,96.49,96.58,96.3,96.42,940.28,90673.4075
1788728400000,96.42,96.81,96.36,96.63,1440.6,139037.4638
1788732000000,96.63,96.79,96.23,96.5,4761.27,459748.7389
1788735600000,96.5,96.66,96.36,96.56,1469.57,141819.5574
1788739200000,96.56,96.68,96.1,96.42,8277.02,797492.9212
1788742800000,96.42,96.74,96.14,96.5,3950.41,381052.7268
1788746400000,96.5,96.78,96.5,96.65,1162.15,112344.8155
1788750000000,96.65,96.99,96.65,96.98,968.16,93717.428
1788753600000,96.98,97.29,96.85,97.2,2103.8,204283.0865
1788757200000,97.2,97.8,97.11,97.67,8701.72,847834.2555
1788760800000,97.67,97.69,97.11,97.24,4842.28,471392.3209
1788764400000,97.24,97.4,96.46,96.47,6844.1,663021.8298
1788768000000,96.47,96.55,95.84,96.43,10219.54,983103.8367
1788771600000,96.43,96.73,96.38,96.67,5223.15,504541.775
1788775200000,96.67,97.29,96.39,97.11,11504.04,1112821.7643
1788778800000,97.11,97.36,97.02,97.27,5447.09,529666.0324
1788782400000,97.27,97.37,97.0,97.04,14080.96,1369262.3581
1788786000000,97.04,97.42,96.85,97.28,5470.62,531421.436
1788789600000,97.28,97.59,97.2,97.55,8022.49,781508.5982
1788793200000,97.55,97.79,97.18,97.45,17718.38,1726643.0271
1788796800000,97.45,97.49,96.75,96.76,23341.77,2267218.648
1788800400000,96.76,97.14,96.61,97.13,2750.64,266648.736
1788804000000,97.13,97.18,96.93,97.11,1084.0,105218.4996
1788807600000,97.11,97.15,96.93,97.01,1225.56,118916.3504
1788811200000,97.01,97.07,96.86,96.89,686.1,66508.8678
1788814800000,96.89,97.0,96.84,96.98,835.86,81031.8705
1788818400000,96.98,97.13,96.96,97.03,1075.55,104395.3855
1788822000000,97.03,97.11,96.84,96.9,1086.73,105416.0791
1788825600000,96.9,97.1,96.55,96.77,3367.79,326077.7633
1788829200000,96.77,97.02,96.68,96.76,6059.15,586609.4272
1788832800000,96.76,97.09,96.71,97.08,3058.46,296248.9661
1788836400000,97.08,97.36,97.03,97.2,7521.36,731315.5945
1788840000000,97.2,97.47,97.18,97.37,1917.11,186586.9667
1788843600000,97.37,98.09,97.29,97.95,8311.41,812832.8184
1788847200000,97.95,98.49,97.92,98.36,7339.69,720547.7756
1788850800000,98.36,98.76,98.13,98.66,21447.89,2110314.0201
1788854400000,98.66,99.01,98.52,98.65,20137.52,1987653.7624
1788858000000,98.65,98.85,97.81,97.85,10966.11,1077131.311
1788861600000,97.85,98.33,97.57,98.19,7081.16,693713.7998
1788865200000,98.19,98.29,97.85,98.13,4735.76,464678.0936
1788868800000,98.13,98.29,97.31,97.33,14407.17,1411429.8088
1788872400000,97.33,97.85,96.93,97.69,9843.0,958817.8113
1788876000000,97.69,97.89,97.15,97.28,4388.77,428606.5519
1788879600000,97.28,97.71,96.88,97.07,10885.42,1058805.0525
1788883200000,97.07,97.09,96.4,96.69,14438.87,1395554.935
1788886800000,96.69,96.72,96.11,96.3,6492.44,625188.427
1788890400000,96.3,98.0,96.3,97.69,16238.77,1579231.4726
1788894000000,97.69,98.0,97.3,97.93,26243.44,2561410.5235
1788897600000,97.93,98.43,97.75,98.3,32721.25,3211677.4168
1788901200000,98.3,98.5,98.19,98.49,13966.33,1375068.1341
1788904800000,98.49,98.5,98.29,98.38,16627.46,1635740.6991
1788908400000,98.38,98.79,98.38,98.66,13577.45,1337991.5818
1788912000000,98.66,98.66,98.08,98.25,13783.4,1356100.7301
1788915600000,98.25,98.43,98.11,98.18,2947.82,289618.9504
1788919200000,98.18,98.39,98.1,98.21,10451.86,1026805.7549
1788922800000,98.21,98.5,98.12,98.15,1511.89,148635.1157
1788926400000,98.15,98.25,98.04,98.06,5893.48,578537.3091
1788930000000,98.06,98.07,97.76,97.82,2596.37,254239.6881
1788933600000,97.82,98.51,97.82,98.29,1706.28,167497.8297
1788937200000,98.29,98.98,98.27,98.84,4039.24,398661.033
1788940800000,98.84,98.91,98.44,98.83,9170.1,905188.6349
1788944400000,98.83,99.47,98.83,99.34,12887.31,1276700.5284
1788948000000,99.34,99.38,98.86,98.9,2782.93,275926.5187
1788951600000,98.9,99.48,98.86,99.43,7076.49,702393.1283
1788955200000,99.43,99.6,99.18,99.31,8523.32,847326.1002
1788958800000,99.31,99.6,99.05,99.23,3908.81,388258.2402
1788962400000,99.23,100.0,99.15,99.68,7226.04,720658.0542
1788966000000,99.68,100.0,99.62,99.98,20371.31,2034896.4458
1788969600000,99.98,99.98,98.84,98.85,25113.66,2501155.3601
1788973200000,98.85,99.24,98.6,99.14,35080.84,3468035.5166
1788976800000,99.14,99.72,99.12,99.69,18197.38,1808675.9927
1788980400000,99.69,99.7,99.33,99.69,11013.23,1095548.8288
1788984000000,99.69,99.85,99.54,99.73,18450.05,1839105.9919
1788987600000,99.73,100.13,99.73,100.09,5920.42,591678.9262
1788991200000,100.09,100.94,100.03,100.22,14965.62,1501869.7931
1788994800000,100.22,100.34,100.11,100.14,4178.08,418717.7871
1788998400000,100.14,100.14,99.09,99.11,12806.62,1276663.8968
1789002000000,99.11,99.63,99.04,99.17,12364.52,1227711.7754
1789005600000,99.17,99.32,98.97,99.05,5089.49,504617.2402
1789009200000,99.05,99.05,98.8,98.96,5350.76,529181.9027
1789012800000,98.96,99.12,98.9,99.04,11922.16,1180586.7586
1789016400000,99.04,99.12,98.35,98.45,4276.51,422041.5937
1789020000000,98.45,98.79,98.25,98.72,3618.08,356236.277
1789023600000,98.72,99.43,98.66,99.33,3635.96,360310.644
1789027200000,99.33,100.06,99.11,100.01,13013.67,1295104.986
1789030800000,100.01,100.3,99.68,100.1,7187.21,718594.9644
1789034400000,100.1,100.1,98.99,99.65,9597.41,955137.6416
1789038000000,99.65,101.06,99.63,101.06,9978.33,1000674.7006
1789041600000,101.06,103.24,100.83,102.64,39997.52,4090494.8324
1789045200000,102.64,103.01,101.94,102.1,12489.29,1280288.5219
1789048800000,102.1,102.94,101.42,102.72,6188.18,632522.2998
1789052400000,102.72,104.5,102.72,104.43,15296.39,1585086.5173
1789056000000,104.43,104.58,103.55,103.77,33240.11,3455666.5784
1789059600000,103.77,104.43,103.7,104.32,14889.75,1551386.0556
1789063200000,104.32,105.24,103.69,104.08,29034.11,3032673.9069
1789066800000,104.08,104.91,103.99,104.81,32336.72,3381056.4919
1789070400000,104.81,105.67,104.64,105.63,41955.43,4411430.7895
1789074000000,105.63,112.35,105.52,107.85,97233.11,10507229.3129
1789077600000,107.85,107.86,105.71,105.74,24646.65,2619098.2572
1789081200000,105.74,106.99,105.39,106.65,8182.52,869224.6908
1789084800000,106.65,106.65,104.46,104.84,37574.92,3955066.9994
1789088400000,104.84,104.88,103.76,104.26,8098.24,844367.2876
1789092000000,104.26,104.53,104.09,104.49,6162.72,643288.0491
1789095600000,104.49,105.08,104.35,104.97,6377.26,668438.8305
1789099200000,104.97,105.15,103.94,104.1,7836.17,818674.6425
1789102800000,104.1,104.11,101.97,102.82,23902.21,2454572.6655
1789106400000,102.82,102.99,102.25,102.62,15543.39,1594842.4923
1789110000000,102.62,102.86,101.89,102.58,13077.3,1339294.7887
1789113600000,102.58,102.72,100.93,100.95,38693.27,3933305.3238
1789117200000,100.95,101.48,100.58,100.91,8630.3,872460.9033
1789120800000,100.91,101.45,100.26,100.35,5157.56,518922.4294
1789124400000,100.35,101.14,100.21,100.8,6123.33,616354.7727
1789128000000,100.8,101.42,100.65,101.16,12005.17,1211905.591
1789131600000,101.16,101.16,100.31,100.94,6583.36,662844.0908
1789135200000,100.94,101.7,100.6,101.36,8545.76,865318.0396
1789138800000,101.36,101.49,100.68,101.45,9651.22,975064.9176
1789142400000,101.45,101.47,100.72,101.01,18446.04,1866743.3792
1789146000000,101.01,101.01,100.1,100.48,19891.69,1996930.4691
1789149600000,100.48,101.06,100.32,100.96,23298.01,2343918.4376
1789153200000,100.96,101.04,100.78,100.99,9704.95,979558.156
1789156800000,100.99,101.0,100.39,100.47,29238.17,2945160.846
1789160400000,100.47,100.61,100.34,100.46,9206.05,925222.3867
1789164000000,100.46,100.64,100.39,100.61,3716.4,373646.5726
1789167600000,100.61,100.78,100.51,100.72,5505.23,554278.3105
1789171200000,100.72,100.72,100.27,100.37,9802.67,985161.6928
1789174800000,100.37,100.37,99.64,99.94,14394.8,1437883.5309
1789178400000,99.94,100.19,99.69,99.96,3496.84,349696.3558
1789182000000,99.96,100.08,99.83,100.03,2573.71,257295.5644
1789185600000,100.03,100.03,99.29,99.6,13047.48,1301319.8248
1789189200000,99.6,99.84,99.42,99.63,8416.73,838125.0361
1789192800000,99.63,99.65,99.4,99.41,3176.08,316131.4165
1789196400000,99.41,99.51,99.3,99.45,3465.27,344410.7585
1789200000000,99.45,99.59,99.29,99.48,2403.46,238965.3638
1789203600000,99.48,100.18,99.41,99.9,2349.55,234578.2067
1789207200000,99.9,100.0,99.68,99.73,6029.39,602223.6719
1789210800000,99.73,100.05,99.7,99.97,1556.17,155467.3353
1789214400000,99.97,100.05,99.77,99.96,2305.29,230244.1259
1789218000000,99.96,99.96,99.64,99.84,1748.45,174520.6383
1789221600000,99.84,99.84,99.57,99.73,1668.47,166332.9179
1789225200000,99.73,99.88,99.64,99.82,2810.11,280293.0102
1789228800000,99.82,99.97,99.67,99.76,1483.44,148044.1248
1789232400000,99.76,99.98,99.76,99.91,1252.27,125040.1355
1789236000000,99.91,100.17,99.9,100.08,2050.69,205222.8297
1789239600000,100.08,100.15,100.01,100.07,2992.62,299506.1968
1789243200000,100.07,100.18,100.01,100.06,1155.96,115716.5524
1789246800000,100.06,100.15,99.99,100.12,485.16,48544.2249
1789250400000,100.12,100.22,100.1,100.17,825.0,82629.7438
1789254000000,100.17,100.19,99.88,99.99,2026.11,202670.047
1789257600000,99.99,100.2,99.86,100.14,807.24,80707.3993
1789261200000,100.14,100.25,99.7,99.95,2431.75,243036.3296
1789264800000,99.95,100.04,99.79,99.96,808.68,80801.9866
1789268400000,99.96,100.09,99.89,100.07,1179.7,117937.0698
1789272000000,100.07,100.25,100.0,100.13,3913.51,391785.1917
1789275600000,100.13,100.56,100.13,100.54,3130.11,313969.054
1789279200000,100.54,100.58,100.44,100.52,829.81,83409.8477
1789282800000,100.52,100.56,100.45,100.47,1265.83,127219.2642
1789286400000,100.47,100.66,100.27,100.64,3416.68,343190.7464
1789290000000,100.64,100.84,100.41,100.46,1810.21,182115.0799
1789293600000,100.46,100.62,100.44,100.62,1635.85,164431.2729
1789297200000,100.62,101.29,100.62,100.96,23068.91,2331445.9404
1789300800000,100.96,101.59,100.95,101.51,10625.11,1076598.6899
1789304400000,101.51,101.55,101.28,101.39,7101.77,720319.499
1789308000000,101.39,101.39,100.5,101.0,7578.76,764316.0054
1789311600000,101.0,101.52,101.0,101.33,7530.72,763184.161
1789315200000,101.33,101.39,101.08,101.19,4599.81,465769.659
1789318800000,101.19,101.36,101.11,101.34,1814.95,183686.9456
1789322400000,101.34,101.39,101.27,101.29,1320.53,133827.1064
1789326000000,101.29,101.84,100.97,101.78,11628.86,1181817.7006
1789329600000,101.78,101.92,101.43,101.7,4202.61,427416.9514
1789333200000,101.7,101.88,101.01,101.34,2844.29,288471.1956
1789336800000,101.34,103.65,101.34,103.05,38066.43,3922671.1716
1789340400000,103.05,103.19,102.77,103.01,9780.45,1007582.8497
1789344000000,103.01,103.31,102.77,103.1,9256.06,953817.7661
1789347600000,103.1,103.69,102.3,102.36,11450.04,1181299.9643
1789351200000,102.36,102.81,102.25,102.75,3893.0,399062.5377
1789354800000,102.75,103.19,102.73,102.98,4277.07,440506.4308
1789358400000,102.98,102.98,102.43,102.52,4489.95,460899.6615
1789362000000,102.52,102.56,101.92,102.14,3511.79,359115.743
1789365600000,102.14,102.82,102.0,102.75,6941.4,710613.5431
1789369200000,102.75,103.38,102.51,103.11,7739.68,797038.8639
1789372800000,103.11,103.64,102.57,103.2,12650.6,1304500.1916
1789376400000,103.2,103.37,102.33,102.49,8383.86,861434.1171
1789380000000,102.49,102.85,102.35,102.55,5120.18,525018.5941
1789383600000,102.55,103.38,102.46,103.26,13885.98,1432386.1932
1789387200000,103.26,104.4,102.69,103.6,24410.19,2529763.7227
1789390800000,103.6,104.14,103.43,104.13,7472.37,775347.0855
1789394400000,104.13,104.18,103.32,103.37,9769.48,1014451.2069
1789398000000,103.37,103.44,101.8,102.6,39678.74,4067628.1678
1789401600000,102.6,102.6,100.34,100.79,30847.31,3140930.6495
1789405200000,100.79,101.4,100.75,101.11,25253.94,2553105.4389
1789408800000,101.11,101.26,100.25,100.66,20564.68,2072794.4046
1789412400000,100.66,101.46,100.47,101.45,13242.56,1336315.1226
1789416000000,101.45,101.48,101.14,101.26,26801.17,2714525.2691
1789419600000,101.26,101.55,101.26,101.46,5893.08,597620.6382
1789423200000,101.46,101.61,101.36,101.48,3072.39,311813.6033
1789426800000,101.48,101.66,101.43,101.57,6832.68,693694.3363
1789430400000,101.57,101.97,101.38,101.87,26346.98,2676895.715
1789434000000,101.87,102.02,101.17,101.99,19108.82,1942957.818
1789437600000,101.99,102.25,101.75,101.96,9490.41,968068.2829
1789441200000,101.96,101.99,101.79,101.9,5928.44,603952.4194
1789444800000,101.9,102.33,101.9,102.24,8144.26,831960.906
1789448400000,102.24,102.5,101.74,102.05,23649.38,2416294.3054
1789452000000,102.05,102.65,101.98,102.54,16016.02,1637736.5427
1789455600000,102.54,102.73,102.26,102.62,14226.92,1458647.3802
1789459200000,102.62,103.03,102.42,102.83,9431.97,969118.7657
1789462800000,102.83,103.15,102.44,102.44,6615.35,680273.5707
1789466400000,102.44,102.5,101.36,101.4,10601.74,1081907.2669
1789470000000,101.4,101.54,100.94,101.07,10357.7,1048462.2483
1789473600000,101.07,101.73,100.45,100.92,13504.72,1364810.0928
1789477200000,100.92,102.47,100.7,102.2,14907.36,1516115.9287
1789480800000,102.2,103.44,102.18,103.3,10794.17,1110561.5336
1789484400000,103.3,103.3,102.45,102.85,22372.54,2299616.1028
1789488000000,102.85,103.58,102.79,103.56,7329.28,756793.511
1789491600000,103.56,103.98,103.31,103.85,13962.21,1448208.2996
1789495200000,103.85,103.88,102.94,103.05,7251.16,749359.1806
1789498800000,103.05,103.27,102.91,103.27,7458.59,769465.3198
1789502400000,103.27,103.38,102.9,103.09,4138.17,426910.3841
1789506000000,103.09,103.18,102.97,102.97,6766.27,697469.9003
1789509600000,102.97,103.12,102.78,102.95,1989.18,204796.9754
1789513200000,102.95,103.06,102.94,103.04,252.86,26042.9749
1789516800000,103.04,103.04,102.35,102.83,3276.97,336356.3758
1789520400000,102.83,103.18,102.61,103.01,2750.92,283129.1877
1789524000000,103.01,103.04,102.43,102.49,2000.58,205592.6789
1789527600000,102.49,102.73,102.08,102.59,2007.76,205480.6655
1789531200000,102.59,102.59,102.34,102.5,484.44,49636.1564
1789534800000,102.5,102.86,102.44,102.79,1414.09,145218.8476
1789538400000,102.79,102.81,102.15,102.15,3201.78,328358.9367
1789542000000,102.15,102.54,101.96,102.5,2289.56,234184.3899
1789545600000,102.5,103.09,102.5,102.8,5023.45,516500.3196
1789549200000,102.8,103.17,102.31,102.72,34634.67,3552958.1256
1789552800000,102.72,102.77,102.15,102.15,5842.59,599282.5051
1789556400000,102.15,102.25,101.66,101.92,10504.0,1071685.7011
1789560000000,101.92,102.37,101.76,102.22,4108.49,419431.1327
1789563600000,102.22,102.42,101.69,101.87,5594.7,571925.0665
1789567200000,101.87,102.21,100.76,100.78,25235.91,2553070.2747
1789570800000,100.78,100.93,99.26,100.38,49867.91,4990515.0913
1789574400000,100.38,100.86,100.27,100.76,6274.94,631098.3181
1789578000000,100.76,100.8,100.5,100.55,2953.0,297189.9741
1789581600000,100.55,100.95,100.33,100.9,11521.5,1159174.4797
1789585200000,100.9,101.11,100.17,100.56,3372.24,339669.96
1789588800000,100.56,100.8,100.52,100.78,1962.16,197542.3334
1789592400000,100.78,100.88,100.68,100.69,1403.13,141365.4195
1789596000000,100.69,100.82,100.49,100.59,3749.15,377460.7315
1789599600000,100.59,100.64,100.1,100.4,4699.55,471900.7095
1789603200000,100.4,100.4,99.4,99.68,10683.74,1068057.2715
1789606800000,99.68,101.17,99.57,101.05,26122.25,2636960.4958
1789610400000,101.05,101.09,100.42,100.89,2096.63,211273.3773
1789614000000,100.89,101.07,100.68,100.86,1536.34,154991.492
1789617600000,100.86,101.01,100.72,100.78,2360.68,238148.0392
1789621200000,100.78,100.87,100.01,100.01,2485.59,249531.7097
1789624800000,100.01,100.12,99.31,99.62,11312.17,1126237.1168
1789628400000,99.62,100.33,99.27,100.21,9238.18,919653.5592
1789632000000,100.21,100.48,99.56,99.86,3943.3,394109.0077
1789635600000,99.86,100.44,99.74,99.97,3783.43,378584.7069
1789639200000,99.97,99.97,99.23,99.38,13158.64,1307724.3523
1789642800000,99.38,99.59,98.49,98.85,7331.55,725773.5034
1789646400000,98.85,99.05,97.97,98.52,45755.34,4497868.4422
1789650000000,98.52,99.24,98.17,98.72,20754.81,2043685.8306
1789653600000,98.72,99.49,98.6,99.47,3481.4,344321.6918
1789657200000,99.47,99.48,98.94,99.05,5329.26,528692.1283
1789660800000,99.05,100.09,98.85,99.89,5716.24,569873.4867
1789664400000,99.89,100.09,99.7,99.96,2443.92,244086.9355
1789668000000,99.96,100.05,99.67,99.88,2858.05,285415.2287
1789671600000,99.88,99.88,99.25,99.42,2101.02,208948.5615
1789675200000,99.42,99.57,99.21,99.43,7458.99,740841.3923
1789678800000,99.43,99.49,99.32,99.43,1446.15,143751.4992
1789682400000,99.43,99.57,99.29,99.47,3134.07,311452.187
1789686000000,99.47,99.56,99.44,99.46,669.22,66584.5687
1789689600000,99.46,99.55,99.12,99.52,4461.87,443274.1867
1789693200000,99.52,99.62,99.01,99.39,846.73,84148.3573
1789696800000,99.39,99.59,99.16,99.36,1136.19,112901.7019
1789700400000,99.36,99.52,99.09,99.24,1389.83,138025.721
1789704000000,99.24,99.31,98.77,98.97,2676.61,265358.2421
1789707600000,98.97,99.17,98.62,98.9,1212.54,119933.6892
1789711200000,98.9,99.06,98.02,98.13,5435.65,535038.941
1789714800000,98.13,98.52,97.83,98.31,1931.12,189607.6391
1789718400000,98.31,98.96,98.27,98.47,2350.4,231671.6998
1789722000000,98.47,99.13,98.05,98.94,2457.07,242074.0644
1789725600000,98.94,99.0,98.32,98.46,2067.57,203884.7406
1789729200000,98.46,99.17,98.28,98.62,6980.84,689665.4834
1789732800000,98.62,99.11,98.04,99.01,6946.26,685937.6666
1789736400000,99.01,100.16,99.01,100.06,7291.95,727679.3653
1789740000000,100.06,100.15,99.43,99.68,4175.06,416868.9392
1789743600000,99.68,100.06,99.59,99.72,8343.07,832628.194
1789747200000,99.72,99.86,98.93,99.04,4610.1,458167.444
1789750800000,99.04,99.22,98.73,99.02,1524.19,150798.7531
1789754400000,99.02,99.31,98.59,98.66,3511.51,347763.6239
1789758000000,98.66,98.91,98.55,98.89,1207.34,119184.9039
1789761600000,98.89,98.89,98.41,98.72,1609.12,158689.4457
1789765200000,98.72,98.72,98.47,98.59,2951.43,291008.5519
1789768800000,98.59,98.66,98.44,98.65,810.72,79913.0288
1789772400000,98.65,99.65,98.62,99.45,7124.79,707104.4588
1789776000000,99.45,99.66,99.36,99.47,1562.73,155503.1385
1789779600000,99.47,99.59,99.41,99.49,564.54,56152.5691
1789783200000,99.49,99.51,99.4,99.46,215.88,21471.3231
1789786800000,99.46,99.5,99.42,99.46,444.93,44261.3202
1789790400000,99.46,99.5,99.34,99.48,2633.85,261956.9262
1789794000000,99.48,99.49,99.41,99.47,953.74,94853.6217
1789797600000,99.47,99.48,99.24,99.47,1656.91,164637.0734
1789801200000,99.47,99.55,99.28,99.5,3469.27,344938.8938
1789804800000,99.5,99.52,99.38,99.38,1735.94,172621.5289
1789808400000,99.38,99.42,99.31,99.39,590.11,58640.4953
1789812000000,99.39,99.51,99.36,99.44,1583.44,157466.9858
1789815600000,99.44,99.56,99.36,99.45,386.28,38419.7151
1789819200000,99.45,99.53,99.34,99.49,597.27,59402.8179
1789822800000,99.49,99.55,99.45,99.48,262.83,26147.9195
1789826400000,99.48,99.53,98.82,99.06,1289.61,127812.2321
1789830000000,99.06,99.25,98.33,98.75,3848.41,379711.9814
1789833600000,98.75,98.75,98.37,98.5,2014.18,198426.5156
1789837200000,98.5,98.71,98.43,98.69,3160.57,311564.5211
1789840800000,98.69,98.9,98.55,98.69,912.76,90123.6874
1789844400000,98.69,98.78,98.37,98.6,896.35,88376.5427
1789848000000,98.6,98.73,98.44,98.7,320.44,31591.5451
1789851600000,98.7,98.91,98.58,98.72,582.3,57508.0069
1789855200000,98.72,99.06,98.69,98.87,952.08,94119.539
1789858800000,98.87,99.16,98.84,99.03,524.06,51894.2093
1789862400000,99.03,99.44,99.02,99.28,617.52,61315.5428
1789866000000,99.28,100.29,99.28,100.2,2592.43,258759.1624
1789869600000,100.2,101.04,99.86,100.47,3907.15,392702.3196
1789873200000,100.47,100.66,100.01,100.39,1208.92,121373.2784
1789876800000,100.39,100.65,100.32,100.45,8298.25,833823.6188
1789880400000,100.45,100.45,100.05,100.19,1435.26,143820.5614
1789884000000,100.19,100.54,100.13,100.52,781.37,78370.5692
1789887600000,100.52,100.83,100.13,100.55,8458.3,850357.0588
1789891200000,100.55,100.63,100.41,100.63,1206.07,121255.0011
1789894800000,100.63,100.63,100.38,100.49,2099.56,210926.6795
1789898400000,100.49,100.75,100.46,100.65,1680.99,169011.6777
1789902000000,100.65,101.01,100.48,100.69,2382.3,239905.6231
1789905600000,100.69,100.98,100.69,100.97,885.41,89277.2173
1789909200000,100.97,100.97,100.46,100.64,1396.22,140583.5853
1789912800000,100.64,100.85,100.57,100.76,881.89,88787.2082
1789916400000,100.76,100.88,100.57,100.74,1382.23,139225.5718
1789920000000,100.74,100.84,100.53,100.53,1528.52,153927.3176
1789923600000,100.53,100.76,100.42,100.67,2004.16,201647.416
1789927200000,100.67,100.73,100.47,100.67,1791.78,180208.578
1789930800000,100.67,100.98,100.63,100.79,839.41,84607.6654
1789934400000,100.79,100.83,100.67,100.7,454.4,45779.8236
1789938000000,100.7,100.89,100.42,100.5,2258.29,227114.9786
1789941600000,100.5,100.52,99.23,99.27,17120.54,1707027.5935
1789945200000,99.27,99.53,98.97,98.98,2116.63,210090.6905
1789948800000,98.98,99.2,97.91,98.19,12040.37,1184838.922
1789952400000,98.19,98.19,96.94,97.37,16571.89,1614122.7912
1789956000000,97.37,97.56,97.25,97.5,5720.2,557430.5327
1789959600000,97.5,97.54,97.21,97.42,3757.35,365863.1834
1789963200000,97.42,97.7,97.32,97.51,3925.69,382631.5276
1789966800000,97.51,98.2,97.51,98.12,1972.55,193001.473
1789970400000,98.12,98.23,97.38,97.62,3201.75,312906.6538
1789974000000,97.62,97.77,97.29,97.58,2465.47,240292.7021
1789977600000,97.58,97.69,97.02,97.6,5305.62,517055.4557
1789981200000,97.6,97.96,97.1,97.27,14407.49,1402645.2384
1789984800000,97.27,97.32,96.2,96.72,7638.48,738075.3963
1789988400000,96.72,97.16,96.72,97.0,3504.19,339856.1329
1789992000000,97.0,97.34,96.31,97.19,17221.59,1670761.6192
1789995600000,97.19,97.25,96.37,96.51,9382.44,907732.2443
1789999200000,96.51,96.67,95.6,96.18,13625.38,1308467.0497
1790002800000,96.18,96.32,95.55,96.11,10341.63,992652.3517
1790006400000,96.11,96.11,95.02,95.38,9619.62,917629.8291
1790010000000,95.38,96.07,95.38,95.95,4860.86,465094.0366
1790013600000,95.95,96.48,95.88,96.4,2311.58,222327.7713
1790017200000,96.4,96.48,95.93,96.14,2068.58,198949.6759
1790020800000,96.14,96.15,95.84,95.95,2364.91,227084.0281
1790024400000,95.95,96.1,95.63,96.01,4777.1,458456.4272
1790028000000,96.01,96.14,95.72,96.14,5309.3,509194.8588
1790031600000,96.14,96.33,95.98,96.25,3872.17,372492.6527
1790035200000,96.25,96.72,96.11,96.7,1955.28,188566.8675
1790038800000,96.7,97.01,96.67,96.98,1125.61,109000.038
1790042400000,96.98,97.22,96.76,97.22,998.58,96854.1588
1790046000000,97.22,97.34,96.96,97.07,836.27,81260.2275
1790049600000,97.07,97.51,97.06,97.46,985.67,96005.7529
1790053200000,97.46,97.71,97.44,97.64,2711.88,264694.5918
1790056800000,97.64,97.87,97.44,97.71,8028.32,784675.7119
1790060400000,97.71,97.89,96.98,97.49,5502.21,536602.0253
1790064000000,97.49,97.65,94.91,95.11,17553.5,1688449.8168
1790067600000,95.11,96.14,94.26,94.27,31442.34,2992058.6958
1790071200000,94.27,94.49,93.68,93.99,20282.52,1906492.1607
1790074800000,93.99,95.17,93.99,94.35,20611.72,1950693.6198
1790078400000,94.35,95.08,94.31,94.97,4858.21,460681.4619
1790082000000,94.97,95.11,94.04,94.95,12898.45,1220698.7835
1790085600000,94.95,96.47,94.88,95.76,22347.86,2134819.1767
1790089200000,95.76,96.2,95.53,96.05,10631.46,1019422.7952
1790092800000,96.05,96.41,95.61,95.97,7350.09,705625.6788
1790096400000,95.97,95.98,94.38,94.48,14392.58,1368197.9783
1790100000000,94.48,95.74,94.44,95.42,8225.55,782817.2732
1790103600000,95.42,95.43,93.63,94.49,16451.42,1555085.3686
1790107200000,94.49,94.9,94.39,94.69,5926.01,560765.9079
1790110800000,94.69,94.98,94.66,94.83,7808.89,740658.4803
1790114400000,94.83,94.91,94.6,94.62,2435.17,230801.1756
1790118000000,94.62,94.66,94.46,94.52,892.25,84344.5669
1790121600000,94.52,95.2,94.39,95.03,2694.23,255233.7176
1790125200000,95.03,95.44,94.95,94.95,1511.22,143867.8847
1790128800000,94.95,95.05,94.74,94.74,2135.23,202619.6484
1790132400000,94.74,95.0,94.29,94.56,1255.67,118791.794
1790136000000,94.56,94.62,94.05,94.2,1020.38,96145.1881
1790139600000,94.2,94.88,94.2,94.66,5388.37,510231.1203
1790143200000,94.66,94.91,94.45,94.89,5679.89,537714.5607
1790146800000,94.89,95.54,94.55,94.98,4905.88,467066.7208
1790150400000,94.98,96.02,94.97,95.54,4588.1,439098.8002
1790154000000,95.54,96.0,95.36,95.7,4367.23,418110.494
1790157600000,95.7,95.7,95.02,95.44,2410.74,229719.2946
1790161200000,95.44,96.39,95.44,96.23,7153.11,686778.4154
1790164800000,96.23,96.46,96.11,96.37,3932.48,378665.1305
1790168400000,96.37,97.35,96.09,97.16,8092.29,782057.5398
1790172000000,97.16,97.74,96.82,97.02,17889.08,1740061.9788
1790175600000,97.02,98.34,96.74,98.03,8954.45,874182.1023
1790179200000,98.03,98.25,97.55,97.63,6042.92,591776.3387
1790182800000,97.63,98.09,97.24,97.48,10724.84,1047562.767
1790186400000,97.48,98.72,97.47,98.13,4244.52,416421.5862
1790190000000,98.13,98.63,98.04,98.45,2609.98,256670.7378
1790193600000,98.45,98.68,98.26,98.35,1469.43,144701.7382
1790197200000,98.35,98.75,98.05,98.32,23163.91,2279476.5691
1790200800000,98.32,98.37,97.72,97.76,7780.94,763479.5918
1790204400000,97.76,97.89,97.63,97.84,3900.68,381335.7291
1790208000000,97.84,97.92,97.25,97.38,4636.08,452178.6488
1790211600000,97.38,97.76,97.05,97.71,2105.44,204944.5168
1790215200000,97.71,97.85,97.25,97.25,2427.54,236545.848
1790218800000,97.25,97.34,97.16,97.18,674.0,65531.4187
1790222400000,97.18,97.47,97.18,97.38,1885.51,183511.3433
1790226000000,97.38,98.33,97.28,98.22,2207.14,215993.2521
1790229600000,98.22,98.77,98.0,98.68,7491.97,737526.8716
1790233200000,98.68,98.98,98.06,98.98,6530.26,642938.34
1790236800000,98.98,100.78,98.93,100.51,28315.02,2836209.1445
1790240400000,100.51,100.53,99.85,100.04,19357.24,1939272.7421
1790244000000,100.04,100.14,99.01,99.26,10211.62,1015380.7609
1790247600000,99.26,99.81,99.01,99.32,6590.63,655405.0156
1790251200000,99.32,99.94,99.3,99.85,3947.61,393366.4597
1790254800000,99.85,100.11,99.53,99.86,2979.85,297653.657
1790258400000,99.86,101.36,99.74,101.21,6681.52,672368.9525
1790262000000,101.21,102.27,101.1,102.13,10198.27,1037972.7103
1790265600000,102.13,102.32,98.76,99.83,43151.22,4319588.5504
1790269200000,99.83,101.19,99.36,100.86,9589.2,959779.9952
1790272800000,100.86,100.9,99.38,100.02,7110.32,710682.8043
1790276400000,100.02,101.06,100.02,100.9,5350.29,537512.8563
1790280000000,100.9,101.11,100.35,100.44,3286.19,331202.384
1790283600000,100.44,100.63,99.81,100.16,5495.15,551174.4653
1790287200000,100.16,100.23,99.87,100.0,7214.62,721575.7263
1790290800000,100.0,100.03,99.56,99.67,1543.09,153861.7508
1790294400000,99.67,99.69,99.16,99.24,3176.34,315805.7638
1790298000000,99.24,99.35,98.8,98.94,2735.92,270667.4311
1790301600000,98.94,98.97,98.69,98.73,4427.42,437614.3482
1790305200000,98.73,98.86,98.48,98.78,3175.0,313254.5665
1790308800000,98.78,98.87,98.72,98.84,442.2,43698.8471
1790312400000,98.84,98.93,98.14,98.57,4193.21,412956.9475
1790316000000,98.57,98.91,98.16,98.76,1788.73,176392.1511
1790319600000,98.76,99.38,98.7,99.32,3590.96,355990.176
1790323200000,99.32,99.41,97.87,98.02,5440.57,537332.9537
1790326800000,98.02,98.93,97.75,98.83,4644.81,456908.5981
1790330400000,98.83,98.94,98.57,98.72,1012.98,100034.0741
1790334000000,98.72,98.81,97.99,98.34,3255.92,319941.0548
1790337600000,98.34,98.86,97.74,98.23,4081.46,401170.2757
1790341200000,98.23,98.87,98.07,98.81,2805.95,276732.7579
1790344800000,98.81,99.52,98.64,99.21,6157.59,610508.4265
1790348400000,99.21,99.55,98.0,98.01,7022.81,695964.949
1790352000000,98.01,98.2,96.34,96.99,41199.95,3994866.6186
1790355600000,96.99,97.55,96.55,96.97,6524.73,632261.1967
1790359200000,96.97,97.56,96.72,97.31,4874.58,473839.8092
1790362800000,97.31,97.84,97.24,97.24,6630.01,647021.2236
1790366400000,97.24,97.74,97.24,97.39,1424.91,138959.154
1790370000000,97.39,97.61,97.3,97.56,2913.91,283854.0374
1790373600000,97.56,97.73,97.52,97.67,462.53,45157.1308
1790377200000,97.67,97.7,97.57,97.63,1166.62,113878.6969
1790380800000,97.63,102.19,97.59,99.73,28726.59,2878479.9878
1790384400000,99.73,99.9,99.34,99.43,9716.89,968392.4172
1790388000000,99.43,99.54,99.11,99.11,3185.43,316381.0087
1790391600000,99.11,99.44,99.11,99.37,5145.05,511262.0599
1790395200000,99.37,99.55,99.27,99.45,7728.42,768686.9946
1790398800000,99.45,99.45,99.22,99.3,662.68,65813.2487
1790402400000,99.3,99.47,99.29,99.37,1031.15,102483.2787
1790406000000,99.37,99.37,98.85,98.97,2460.48,243632.3762
1790409600000,98.97,99.06,98.76,98.97,2552.03,252524.2489
1790413200000,98.97,99.01,98.84,98.97,1705.09,168701.8843
1790416800000,98.97,99.11,98.95,99.01,508.53,50350.5872
1790420400000,99.01,99.07,98.93,99.03,1560.64,154496.3033
1790424000000,99.03,99.26,98.98,99.06,2200.48,217991.0205
1790427600000,99.06,99.42,98.98,99.28,1360.6,134958.6766
1790431200000,99.28,99.47,99.17,99.29,2931.85,291181.4287
1790434800000,99.29,99.29,99.11,99.16,597.12,59214.5929
1790438400000,99.16,99.38,98.97,99.19,1092.79,108386.2602
1790442000000,99.19,99.37,99.06,99.34,809.74,80340.4566
1790445600000,99.34,99.47,99.3,99.44,595.88,59219.5098
1790449200000,99.44,99.47,99.28,99.42,537.72,53429.9601
1790452800000,99.42,99.5,99.27,99.37,1086.01,107927.3401
1790456400000,99.37,99.59,99.37,99.55,852.3,84798.4504
1790460000000,99.55,99.88,99.54,99.83,1144.71,114120.0785
1790463600000,99.83,99.92,99.51,99.54,665.53,66382.0318
1790467200000,99.54,99.61,98.81,99.2,4952.85,490739.1771
1790470800000,99.2,99.31,99.14,99.14,1072.52,106405.6835
1790474400000,99.14,99.43,99.13,99.38,683.25,67811.0053
1790478000000,99.38,99.46,99.28,99.36,1267.69,125948.5209
1790481600000,99.36,99.68,99.33,99.5,2470.82,245821.4039
1790485200000,99.5,99.6,99.46,99.52,440.57,43855.153
1790488800000,99.52,99.69,99.47,99.56,602.58,60042.1392
1790492400000,99.56,99.58,99.39,99.4,406.65,40441.7171
1790496000000,99.4,99.43,99.29,99.38,458.47,45542.213
1790499600000,99.38,99.44,99.3,99.4,282.3,28050.5424
1790503200000,99.4,99.5,99.39,99.48,797.43,79316.6958
1790506800000,99.48,99.6,99.41,99.5,1611.77,160461.2711
1790510400000,99.5,99.63,99.5,99.59,1663.58,165660.9208
1790514000000,99.59,99.59,99.42,99.54,789.53,78555.3039
1790517600000,99.54,99.54,99.19,99.2,1234.44,122668.406
1790521200000,99.2,99.2,98.15,98.7,12453.02,1229843.6369
1790524800000,98.7,98.73,98.55,98.63,1664.92,164228.6742
1790528400000,98.63,98.65,98.54,98.62,222.43,21931.2952
1790532000000,98.62,98.98,98.56,98.69,2662.45,263073.3674
1790535600000,98.69,98.71,98.37,98.61,1395.3,137473.4075
1790539200000,98.61,98.75,98.56,98.65,279.6,27583.3516
1790542800000,98.65,99.25,98.54,98.77,2729.09,269807.267
1790546400000,98.77,99.04,98.23,98.6,4544.93,448374.7723
1790550000000,98.6,98.91,98.38,98.47,1414.34,139428.2811
1790553600000,98.47,98.61,97.96,98.35,4323.62,424996.4653
1790557200000,98.35,98.55,97.56,98.22,7523.51,737586.6229
1790560800000,98.22,99.04,98.22,98.43,3713.24,366171.7411
1790564400000,98.43,98.9,98.06,98.89,3658.11,360537.5379
1790568000000,98.89,99.17,98.84,99.09,1229.09,121714.5547
1790571600000,99.09,99.53,98.99,99.08,8936.93,886749.4932
1790575200000,99.08,99.27,98.25,98.37,6768.67,668365.1235
1790578800000,98.37,99.4,98.35,99.14,6747.86,667844.1093
1790582400000,99.14,100.73,99.14,100.71,12004.71,1199208.5273
1790586000000,100.71,100.88,100.47,100.73,7043.4,708697.2277
1790589600000,100.73,101.13,100.52,100.96,8473.29,855307.6221
1790593200000,100.96,101.2,100.33,100.52,11325.66,1139811.0886
1790596800000,100.52,100.77,98.69,98.9,14598.73,1456309.101
1790600400000,98.9,99.36,98.51,98.64,10007.18,989612.8347
1790604000000,98.64,100.37,98.46,100.23,12345.16,1228588.8375
1790607600000,100.23,100.3,99.74,99.78,9237.17,923803.5177
1790611200000,99.78,99.85,96.86,98.0,28502.48,2793337.5621
1790614800000,98.0,98.32,96.16,97.95,25639.65,2492338.5754
1790618400000,97.95,98.11,97.37,97.8,11621.81,1135717.7786
1790622000000,97.8,98.38,97.7,98.38,8696.28,852709.6866
1790625600000,98.38,98.68,98.09,98.53,5092.11,501010.5058
1790629200000,98.53,99.19,98.13,98.74,14590.58,1438895.1863
1790632800000,98.74,99.03,98.34,98.6,7802.11,769209.1463
1790636400000,98.6,98.66,98.43,98.52,2069.78,203945.0175
1790640000000,98.52,98.91,98.39,98.91,4668.75,460568.6255
1790643600000,98.91,99.54,98.72,99.15,3521.63,349180.6546
1790647200000,99.15,99.44,98.98,99.25,3115.46,309090.7015
1790650800000,99.25,99.65,99.15,99.57,1919.58,190916.4435
1790654400000,99.57,99.85,99.52,99.81,941.7,93896.6047
1790658000000,99.81,100.25,99.58,99.62,3140.72,313632.73
1790661600000,99.62,99.65,99.19,99.44,4487.83,445976.5861
1790665200000,99.44,99.46,98.36,98.68,4903.82,484073.18
1790668800000,98.68,98.94,97.69,97.77,7571.78,744475.1706
1790672400000,97.77,97.99,97.07,97.53,6271.47,611494.5684
1790676000000,97.53,97.53,97.0,97.01,2735.52,266147.3071
1790679600000,97.01,97.18,96.16,96.46,11831.28,1143661.3222
1790683200000,96.46,96.59,95.81,96.17,10154.52,976669.5765
1790686800000,96.17,96.71,95.89,96.38,10354.2,996769.5094
1790690400000,96.38,96.82,96.26,96.71,10041.82,970091.7059
1790694000000,96.71,97.11,95.68,96.53,22147.27,2138283.4808
1790697600000,96.53,97.15,96.34,96.9,14675.05,1418244.3548
1790701200000,96.9,97.08,96.46,96.5,2824.53,273170.3833
1790704800000,96.5,96.57,95.77,96.13,7317.07,704051.8525
1790708400000,96.13,96.14,95.74,95.77,3180.59,305105.1657
1790712000000,95.77,95.84,95.49,95.63,6598.68,630917.3371
1790715600000,95.63,96.15,95.56,95.76,8298.94,795057.9336
1790719200000,95.76,96.24,95.18,96.1,9218.51,882899.5064
1790722800000,96.1,96.2,95.74,95.74,591.84,56798.2897
1790726400000,95.74,96.23,95.66,96.1,3636.6,348938.3167
1790730000000,96.1,96.77,95.96,96.44,2806.75,270983.6436
1790733600000,96.44,96.48,95.96,96.4,2062.28,198517.1874
1790737200000,96.4,96.55,96.3,96.49,1319.55,127235.4194
1790740800000,96.49,96.49,96.11,96.3,894.33,86102.3004
1790744400000,96.3,96.48,96.0,96.24,3159.25,304187.7195
1790748000000,96.24,96.56,95.67,96.47,9708.06,933469.2502
1790751600000,96.47,96.47,95.09,96.05,12487.39,1195243.1444
1790755200000,96.05,97.12,95.54,97.12,8069.0,777390.5298
1790758800000,97.12,97.58,96.8,97.1,6808.63,661399.7726
1790762400000,97.1,97.53,96.96,97.53,4103.21,398944.5727
1790766000000,97.53,97.89,97.4,97.61,9022.77,881588.7983
1790769600000,97.61,98.29,97.26,97.68,10364.98,1011647.5795
1790773200000,97.68,98.82,97.38,98.3,7436.73,731217.5681
1790776800000,98.3,99.05,98.08,99.02,11601.87,1144206.0038
1790780400000,99.02,99.22,98.49,98.6,12846.62,1269812.7162
1790784000000,98.6,98.99,98.26,98.34,6878.17,678321.6656
1790787600000,98.34,98.58,98.13,98.2,7171.35,705142.6181
1790791200000,98.2,98.4,97.9,98.13,3762.68,369418.1103
1790794800000,98.13,98.18,97.89,98.03,3970.05,389217.8359
1790798400000,98.03,98.17,97.78,97.86,2190.44,214490.8199
1790802000000,97.86,98.09,97.56,97.84,15412.33,1508120.3746
1790805600000,97.84,97.96,97.54,97.61,3642.2,356093.5287
1790809200000,97.61,97.73,97.49,97.61,2175.23,212364.2431
1790812800000,97.61,98.46,97.59,98.24,4631.13,454145.1948
1790816400000,98.24,98.24,97.73,98.15,823.62,80621.4861
1790820000000,98.15,98.19,97.23,97.31,1066.92,104246.8516
1790823600000,97.31,97.46,96.77,96.79,2573.01,249868.2963
1790827200000,96.79,97.01,96.79,96.85,1840.43,178359.5015
1790830800000,96.85,97.37,96.56,97.25,3541.81,343374.8789
1790834400000,97.25,98.55,97.1,98.5,9325.01,913327.0875
1790838000000,98.5,100.15,98.41,99.91,25079.66,2496276.7272
1790841600000,99.91,100.69,99.63,100.5,9799.12,981472.6968
1790845200000,100.5,100.68,99.99,100.38,11872.56,1192695.9795
1790848800000,100.38,100.74,99.51,99.65,12596.09,1258357.0065
1790852400000,99.65,100.6,99.65,99.92,6524.51,653761.6549
1790856000000,99.92,100.24,99.54,100.06,10263.61,1025542.7362
1790859600000,100.06,100.93,99.47,100.77,16645.1,1666071.6069
1790863200000,100.77,101.33,100.51,101.01,28270.77,2852994.9509
1790866800000,101.01,101.81,100.96,101.4,13798.12,1401106.6666
1790870400000,101.4,101.46,100.68,101.19,7871.59,794917.2087
1790874000000,101.19,102.9,100.66,102.7,13105.73,1332950.0781
1790877600000,102.7,102.8,101.6,102.24,13807.09,1412366.9611
1790881200000,102.24,102.66,102.16,102.55,5958.86,610239.1263
1790884800000,102.55,102.58,102.07,102.1,2464.3,252042.0234
1790888400000,102.1,103.88,102.1,103.1,29425.33,3033886.9977
1790892000000,103.1,103.13,102.37,102.42,1752.89,179904.9564
1790895600000,102.42,102.45,102.24,102.36,933.22,95530.9545
1790899200000,102.36,102.71,102.21,102.63,2001.34,205008.4722
1790902800000,102.63,102.67,102.23,102.49,753.39,77174.2723
1790906400000,102.49,102.56,102.05,102.11,1095.31,112098.7805
1790910000000,102.11,102.29,101.97,102.13,1321.59,134981.0163
1790913600000,102.13,102.35,101.93,102.13,2110.04,215534.4832
1790917200000,102.13,102.24,101.61,101.97,5598.89,570986.0217
1790920800000,101.97,102.17,101.17,101.2,9241.59,938836.0081
1790924400000,101.2,101.45,100.21,100.31,6243.05,630037.6084
1790928000000,100.31,100.5,98.99,99.28,12774.52,1272273.2891
1790931600000,99.28,99.81,98.89,99.25,10377.88,1030468.5227
1790935200000,99.25,100.15,99.07,99.83,12054.8,1203449.1513
1790938800000,99.83,100.08,99.49,99.69,3860.67,385192.8337
1790942400000,99.69,100.03,99.24,99.38,5971.76,594601.3545
1790946000000,99.38,100.38,98.64,99.36,24630.45,2453280.015
1790949600000,99.36,100.24,98.34,99.97,48028.89,4766457.9329
1790953200000,99.97,101.39,99.79,101.25,17016.04,1712997.9925
1790956800000,101.25,102.48,100.85,102.42,11783.03,1198748.6623
1790960400000,102.42,102.61,101.98,102.33,8607.01,880427.0694
1790964000000,102.33,102.9,101.99,102.27,4742.14,486035.1056
1790967600000,102.27,102.79,102.08,102.78,15969.54,1638425.5606
1790971200000,102.78,102.85,102.6,102.7,2811.38,288893.5955
1790974800000,102.7,102.83,102.4,102.65,3691.14,378957.6976
1790978400000,102.65,102.69,102.46,102.46,675.21,69293.7375
1790982000000,102.46,102.59,102.32,102.37,541.8,55527.3743
1790985600000,102.37,102.4,101.98,102.2,1531.82,156400.4476
1790989200000,102.2,102.27,101.82,101.95,625.96,63830.1968
1790992800000,101.95,102.08,101.72,102.07,3392.05,345522.7903
1790996400000,102.07,102.12,101.92,101.99,5185.13,529130.4229
1791000000000,101.99,102.02,101.79,101.87,808.77,82416.465
1791003600000,101.87,102.08,101.79,101.92,1045.16,106566.9589
1791007200000,101.92,102.31,101.75,102.13,640.49,65341.3004
1791010800000,102.13,102.78,102.11,102.25,3852.06,394420.6811
1791014400000,102.25,102.38,102.2,102.25,970.34,99237.9071
1791018000000,102.25,102.25,102.07,102.19,1730.09,176714.3611
1791021600000,102.19,102.42,102.16,102.24,702.09,71834.6741
1791025200000,102.24,102.26,102.07,102.24,491.82,50257.4023
1791028800000,102.24,102.24,102.02,102.17,1119.38,114293.393
1791032400000,102.17,102.29,102.12,102.2,2360.32,241284.5987
1791036000000,102.2,102.27,102.11,102.14,996.37,101825.4115
1791039600000,102.14,102.36,102.12,102.24,1122.63,114792.4375
1791043200000,102.24,102.44,102.2,102.28,604.0,61788.5916
1791046800000,102.28,102.3,102.15,102.2,205.92,21046.6743
1791050400000,102.2,102.28,102.18,102.22,717.24,73335.5227
1791054000000,102.22,102.31,102.21,102.3,437.79,44765.5883
1791057600000,102.3,102.55,102.3,102.36,807.29,82705.5181
1791061200000,102.36,102.56,102.36,102.45,657.61,67395.5671
1791064800000,102.45,102.52,102.33,102.42,647.63,66335.5749
1791068400000,102.42,102.5,102.22,102.22,348.78,35679.5361
1791072000000,102.22,102.25,102.13,102.14,1287.63,131560.6729
1791075600000,102.14,102.26,102.12,102.26,210.05,21459.3253
1791079200000,102.26,102.26,102.12,102.16,181.28,18522.043
1791082800000,102.16,102.21,102.07,102.07,646.02,65964.2988
1791086400000,102.07,102.25,102.07,102.25,228.28,23327.1776
1791090000000,102.25,102.3,102.23,102.27,977.86,99974.1884
1791093600000,102.27,102.3,102.2,102.2,1048.75,107220.6891
1791097200000,102.2,102.22,102.03,102.19,246.25,25149.144
1791100800000,102.19,102.28,102.09,102.28,1605.12,164053.4199
1791104400000,102.28,102.35,102.22,102.3,3453.57,353310.2007
1791108000000,102.3,102.42,102.27,102.37,2411.96,246861.9799
1791111600000,102.37,102.39,102.25,102.29,589.55,60319.2458
1791115200000,102.29,102.36,102.27,102.3,204.77,20951.7167
1791118800000,102.3,102.42,102.28,102.33,464.59,47567.0992
1791122400000,102.33,102.4,102.22,102.3,3027.37,309777.39
1791126000000,102.3,102.36,102.28,102.35,3052.92,312423.077
1791129600000,102.35,102.44,102.31,102.43,1475.22,151067.5005
1791133200000,102.43,102.95,102.43,102.83,4729.09,485815.0961
1791136800000,102.83,103.11,102.62,102.92,5578.93,573868.2273
1791140400000,102.92,102.96,102.71,102.79,1604.05,164955.0238
1791144000000,102.79,102.97,102.77,102.78,1628.39,167425.6525
1791147600000,102.78,103.07,102.41,102.77,7039.48,722523.9136
1791151200000,102.77,103.34,102.43,102.47,9509.59,977379.773
1791154800000,102.47,102.7,102.26,102.32,1760.16,180260.4054
1791158400000,102.32,102.32,101.68,101.72,8697.08,887444.0678
1791162000000,101.72,102.04,101.48,101.57,3486.02,354769.2393
1791165600000,101.57,101.71,101.23,101.28,3138.02,318361.4393
1791169200000,101.28,101.5,101.23,101.24,1300.6,131860.5537
1791172800000,101.24,101.79,101.08,101.73,2375.44,240896.1661
1791176400000,101.73,101.81,101.37,101.44,1717.77,174445.9113
1791180000000,101.44,101.77,100.97,101.51,7534.73,764097.0006
1791183600000,101.51,101.7,100.92,100.93,3864.51,391228.8457
1791187200000,100.93,102.97,100.61,102.18,42910.15,4373984.4443
1791190800000,102.18,102.66,101.76,102.42,16172.81,1651950.786
1791194400000,102.42,102.92,101.86,102.33,11098.18,1136786.0451
1791198000000,102.33,102.74,101.58,102.31,11266.02,1151003.5077
